huffman optimal: true
avg cost: 2.6382978723404262, cost: 372
lengths: [2, 2, 2, 2, 2, 3, 3, 3, 3, 3, 3, 3, 4, 4, 4, 4, 4, 4, 4, 4, 4, 4, 4, 4, 4, 4, 5, 5]
' ': [0, 0]
'e': [1, 1]
'i': [2, 0]
't': [2, 2]
'n': [1, 2]
's': [2, 1, 2]
'h': [1, 0, 1]
'c': [0, 2, 2]
'l': [0, 1, 2]
'r': [0, 1, 1]
'a': [0, 1, 0]
'D': [0, 2, 1]
'd': [1, 0, 0, 1]
'u': [0, 2, 0, 0]
'G': [2, 1, 1, 2]
'g': [2, 1, 0, 1]
'm': [2, 1, 0, 2]
'w': [2, 1, 0, 0]
'A': [2, 1, 1, 1]
'k': [2, 1, 1, 0]
'E': [1, 0, 2, 2]
'W': [1, 0, 2, 0]
'P': [1, 0, 0, 2]
'o': [0, 2, 0, 2]
'?': [1, 0, 2, 1]
'f': [1, 0, 0, 0]
'b': [0, 2, 0, 1, 0]
'Z': [0, 2, 0, 1, 1]
time elapsed: 301µs
