huffman optimal: true
avg cost: 2.0318021201413434, cost: 1150
lengths: [1, 1, 2, 2, 2, 2, 2, 2, 2, 2, 2, 2, 3, 3, 3, 3, 3, 3, 3, 3, 3, 3, 3, 3, 3, 3, 3, 3, 3, 3, 3, 3, 3, 3, 3, 4, 4, 4, 4, 4, 4, 4, 4, 4, 4]
' ': [0]
'e': [2]
'n': [4, 0]
'r': [1, 0]
'i': [1, 4]
's': [3, 3]
't': [3, 4]
'a': [3, 2]
'l': [3, 1]
'h': [3, 0]
'c': [1, 3]
'g': [1, 2]
'o': [4, 3, 2]
'm': [4, 3, 4]
'u': [4, 4, 2]
'.': [4, 2, 4]
'k': [4, 1, 4]
'd': [4, 1, 3]
',': [4, 1, 2]
'E': [4, 1, 1]
'b': [4, 1, 0]
'D': [4, 2, 3]
'w': [4, 2, 2]
'ü': [4, 2, 1]
'p': [4, 2, 0]
'v': [4, 4, 1]
'I': [4, 4, 3]
'S': [4, 4, 0]
'f': [1, 1, 3]
'V': [4, 4, 4]
'F': [1, 1, 1]
'ö': [1, 1, 4]
'O': [4, 3, 1]
'z': [4, 3, 3]
'ä': [1, 1, 2]
'B': [4, 3, 0, 1]
'G': [4, 3, 0, 4]
'H': [1, 1, 0, 1]
'W': [1, 1, 0, 4]
'K': [1, 1, 0, 3]
'N': [1, 1, 0, 0]
'M': [1, 1, 0, 2]
'…': [4, 3, 0, 3]
'ß': [4, 3, 0, 0]
'R': [4, 3, 0, 2]
time elapsed: 722.4µs
