huffman optimal: false
avg cost: 3.4107142857142865, cost: 191
lengths: [2, 3, 3, 3, 3, 3, 3, 4, 4, 4, 4, 4, 4, 4, 4, 4, 4, 4, 5, 5, 5, 5, 5, 5, 6]
'e': [0, 0]
't': [0, 2]
' ': [1, 1, 1]
'i': [1, 1, 0]
'n': [0, 1, 1]
'w': [0, 1, 0]
'r': [1, 0, 1]
'B': [1, 0, 2]
's': [2, 2]
'f': [2, 0, 0]
'b': [2, 0, 1]
'"': [0, 1, 2]
'I': [2, 1, 1]
'W': [2, 1, 0]
'o': [1, 1, 2]
'm': [1, 0, 0, 1]
'F': [1, 0, 0, 0]
'D': [1, 2, 1]
'a': [2, 1, 2]
'h': [2, 0, 2]
'k': [1, 2, 0, 1]
'N': [1, 2, 2]
'd': [1, 0, 0, 2]
'u': [1, 2, 0, 0]
'ü': [1, 2, 0, 2]
time elapsed: 382.2µs
