huffman optimal: false
avg cost: 3.447628458498024, cost: 3489
lengths: [2, 2, 2, 2, 2, 3, 3, 4, 4, 4, 4, 4, 5, 5, 5, 5, 6, 6, 6, 7, 7, 7, 7, 7, 8, 8, 9, 9, 11, 11, 11, 12, 13, 13, 13, 14, 14, 15, 15, 16, 16]
' ': [2]
'e': [0, 0]
't': [1, 1]
'i': [1, 0]
'o': [0, 1]
's': [1, 2]
'a': [3]
'n': [4]
'r': [0, 2, 0]
'c': [0, 2, 1]
'd': [0, 3]
'l': [1, 3]
'm': [0, 2, 2]
'h': [1, 4]
'u': [5]
'p': [0, 4]
'f': [0, 2, 3]
'b': [0, 5]
'y': [1, 5]
'g': [0, 6]
'.': [6, 0]
'v': [6, 1]
'x': [0, 2, 4]
'q': [1, 6]
',': [0, 2, 5]
'w': [6, 2]
'T': [0, 2, 6]
'F': [6, 3]
';': [6, 5]
'S': [6, 4, 0]
'A': [6, 4, 1]
'z': [6, 4, 2]
'1': [6, 4, 3]
'9': [6, 6, 1]
'G': [6, 6, 0]
'j': [6, 6, 2]
'’': [6, 4, 4]
'H': [6, 4, 5]
'5': [6, 6, 3]
'2': [6, 6, 4]
'-': [6, 4, 6]
time elapsed: 3.6585ms
