huffman optimal: false
avg cost: 6.024999999999999, cost: 241
lengths: [3, 4, 5, 5, 5, 5, 5, 5, 5, 6, 6, 6, 6, 6, 6, 6, 6, 6, 6, 7, 7, 7, 7, 7, 7, 7, 7, 8, 8, 8, 8, 8, 9, 9]
'，': [2]
'馬': [0, 2]
'文': [0, 0, 2]
'有': [0, 1, 0, 0]
'。': [0, 1, 1]
'武': [1, 1, 0]
'古': [1, 0, 1]
'非': [1, 2]
'大': [0, 0, 0, 0, 0]
'止': [0, 1, 2]
'肯': [1, 1, 1]
'鄧': [1, 0, 0, 1]
'晉': [1, 0, 2]
'望': [0, 0, 0, 0, 1]
'無': [0, 0, 1, 1]
'妻': [0, 0, 1, 0, 0]
'都': [0, 1, 0, 1]
'也': [1, 0, 0, 0, 0]
'、': [0, 0, 0, 2]
'齊': [1, 0, 0, 2]
'督': [0, 0, 1, 2]
'未': [1, 1, 2]
'志': [0, 0, 0, 0, 2]
'禹': [0, 0, 0, 1, 0, 0]
'英': [1, 0, 0, 0, 1]
'希': [0, 1, 0, 2]
'郵': [0, 0, 1, 0, 1]
'不': [0, 0, 0, 1, 0, 1]
'公': [0, 0, 0, 1, 2]
'遇': [0, 0, 0, 1, 1, 0]
'學': [1, 0, 0, 0, 2]
'時': [0, 0, 1, 0, 2]
'雄': [0, 0, 0, 1, 1, 1]
'去': [0, 0, 0, 1, 0, 2]
time elapsed: 672.9µs
