best pre-ilp found cost: 6.025
avg cost: 5.849999999999998, cost: 234
lengths: [5, 5, 5, 5, 5, 5, 5, 5, 5, 5, 5, 6, 6, 6, 6, 6, 6, 6, 6, 6, 6, 6, 6, 6, 7, 7, 7, 7, 7, 7, 7, 7, 7, 8]
'，': [0, 0, 2]
'文': [1, 0, 1]
'有': [0, 0, 1, 0]
'馬': [0, 0, 0, 1]
'。': [2, 0, 0]
'雄': [0, 0, 0, 0, 0]
'去': [1, 2]
'志': [1, 0, 0, 0]
'鄧': [2, 1]
'、': [0, 1, 0, 0]
'齊': [1, 1, 0]
'英': [0, 0, 1, 1]
'時': [0, 1, 2]
'望': [1, 0, 2]
'希': [0, 0, 0, 0, 1]
'郵': [1, 0, 0, 1]
'禹': [0, 1, 1, 0]
'學': [0, 2, 0, 0]
'晉': [0, 0, 0, 2]
'不': [0, 1, 0, 1]
'肯': [2, 0, 1]
'止': [1, 1, 1]
'公': [2, 2]
'無': [0, 2, 1]
'武': [2, 0, 2]
'都': [0, 0, 1, 2]
'大': [0, 2, 0, 1]
'妻': [0, 1, 1, 1]
'遇': [0, 2, 2]
'未': [1, 0, 0, 2]
'也': [1, 1, 2]
'古': [0, 0, 0, 0, 2]
'督': [0, 1, 0, 2]
'非': [0, 1, 1, 2]
time elapsed: 774.1959ms
