huffman optimal: false
avg cost: 1.661112389348382, cost: 137173
lengths: [1, 1, 1, 1, 1, 2, 2, 2, 2, 2, 2, 2, 2, 2, 2, 2, 2, 3, 3, 3, 3, 3, 3, 3, 3, 3, 3, 3, 3, 3, 3, 3, 3, 3, 3, 3, 3, 3, 3, 3, 4, 4, 4, 4, 4, 4, 4, 4, 4, 4, 4, 4, 4, 5, 5, 5, 5, 5, 5, 6, 6, 6, 7, 7, 7, 7, 7, 7, 7, 7, 8, 9, 11, 11, 11, 11, 11, 11, 11, 12, 13, 14]
' ': [0]
'e': [2]
'n': [6]
'i': [5]
'r': [1]
's': [7]
'a': [4, 2]
'd': [3, 0]
'h': [3, 1]
't': [4, 1]
'u': [4, 0]
'l': [4, 5]
'c': [4, 6]
'g': [3, 5]
'm': [3, 4]
'o': [3, 3]
'b': [3, 6]
',': [4, 7]
'f': [4, 3, 3]
'w': [4, 3, 4]
'.': [3, 2, 1]
'k': [3, 2, 2]
'z': [3, 2, 0]
'S': [3, 2, 6]
'ä': [3, 2, 5]
'ü': [3, 2, 4]
'ö': [3, 7]
'v': [4, 3, 2]
'p': [4, 4, 6]
'F': [4, 3, 1]
'ß': [4, 4, 5]
'D': [4, 4, 4]
'E': [4, 3, 0]
'V': [4, 4, 0]
'W': [4, 4, 2]
'N': [4, 4, 3]
'K': [4, 4, 1]
'B': [8]
'A': [4, 3, 5]
'M': [4, 3, 6]
'H': [3, 8]
'I': [3, 2, 7]
'L': [3, 2, 3, 0]
'R': [4, 4, 7]
'G': [9]
'T': [3, 2, 3, 5]
'Z': [3, 2, 3, 6]
'j': [4, 8]
'J': [3, 2, 3, 3]
'-': [3, 2, 3, 4]
';': [4, 3, 7]
'(': [3, 2, 3, 1]
')': [3, 2, 3, 2]
'_': [3, 2, 8]
':': [3, 2, 3, 7]
'O': [4, 9]
'U': [3, 9]
'[': [4, 3, 8]
']': [4, 4, 8]
'„': [3, 2, 3, 8]
'“': [3, 2, 9]
'P': [4, 3, 9]
'1': [3, 2, 3, 9]
'4': [4, 4, 9, 1]
'3': [4, 4, 9, 5]
'?': [4, 4, 9, 4]
'2': [4, 4, 9, 0]
'5': [4, 4, 9, 3]
'!': [4, 4, 9, 6]
'6': [4, 4, 9, 2]
'0': [4, 4, 9, 7]
'Ä': [4, 4, 9, 8]
'8': [4, 4, 9, 9, 0]
'q': [4, 4, 9, 9, 2]
'’': [4, 4, 9, 9, 6]
'7': [4, 4, 9, 9, 5]
'Q': [4, 4, 9, 9, 1]
'9': [4, 4, 9, 9, 4]
'y': [4, 4, 9, 9, 3]
'x': [4, 4, 9, 9, 7]
'Ö': [4, 4, 9, 9, 8]
'C': [4, 4, 9, 9, 9]
time elapsed: 747.1µs
