huffman optimal: false
avg cost: 5.404423380726714, cost: 3421
lengths: [2, 3, 3, 3, 3, 4, 4, 4, 4, 4, 4, 4, 4, 5, 5, 5, 5, 5, 5, 5, 5, 5, 5, 5, 5, 5, 5, 5, 5, 5, 5, 5, 5, 5, 5, 5, 5, 5, 5, 5, 5, 5, 5, 5, 5, 5, 5, 5, 5, 5, 5, 5, 5, 5, 5, 5, 5, 5, 5, 5, 5, 5, 5, 5, 5, 5, 5, 5, 5, 5, 5, 5, 5, 5, 6, 6, 6, 6, 6, 6, 6, 6, 6, 6, 6, 6, 6, 6, 6, 6, 6, 6, 6, 6, 6, 6, 6, 6, 6, 6, 6, 6, 6, 6, 6, 6, 6, 6, 6, 6, 6, 6, 6, 6, 6, 6, 6, 6, 6, 6, 6, 6, 6, 6, 6, 6, 6, 6, 6, 6, 6, 6, 6, 6, 6, 6, 6, 6, 6, 6, 6, 6, 6, 6, 6, 6, 6, 6, 6, 6, 6, 6, 6, 6, 6, 6, 6, 6, 6, 6, 6, 6, 7, 7, 7, 7, 7, 7, 7, 7, 7, 7, 7, 7, 7, 7, 7, 7, 7, 7, 7, 7, 7, 7, 7, 7, 7, 7, 7, 7, 7, 7, 7, 7, 7, 7, 7, 7, 7, 7, 7, 7, 7, 7, 7, 7, 7, 7, 7, 7, 7, 7, 7, 7, 7, 7, 7, 7, 7, 7, 7, 7, 7, 7, 7, 7, 7, 7, 7, 7, 7, 7, 7, 7, 7, 7, 7, 7, 7, 7, 7, 8, 8, 8, 8, 8, 8, 8, 8, 8, 8, 8, 8, 8, 8, 8, 8, 8, 8, 8, 8, 8, 8, 8, 8, 8, 8, 8, 8, 8, 8, 8, 8, 8, 8, 8, 8, 8, 8, 8, 8, 8, 8, 8, 8, 8, 8, 8, 8, 8, 9, 9, 9, 9, 9, 9, 9, 9, 9, 9, 9, 9, 9, 9, 9, 9, 9, 9, 9, 9, 9, 9, 9, 10, 10, 10, 10, 10, 10, 10, 11]
'，': [2]
'。': [0, 2]
'」': [1, 3]
'「': [1, 0, 0]
'》': [1, 0, 1]
'《': [0, 1, 3]
'：': [1, 0, 2]
'格': [0, 3, 0]
'之': [0, 3, 1]
'不': [1, 4]
'有': [0, 1, 1, 1]
'為': [0, 1, 1, 0]
'云': [4, 1]
'時': [0, 3, 2]
'一': [0, 3, 3]
'其': [0, 1, 1, 3]
'人': [1, 1, 0, 0, 0]
'詩': [1, 1, 0, 0, 1]
'武': [0, 1, 1, 2]
'相': [0, 4, 0]
'風': [0, 4, 1]
'知': [4, 3]
'公': [3, 0, 3]
'在': [3, 1, 3]
'是': [4, 2]
'誰': [1, 2, 1, 1]
'也': [1, 2, 1, 0]
'；': [0, 1, 0, 0, 1]
'而': [0, 1, 0, 3]
'天': [0, 1, 0, 2]
'嚴': [1, 2, 0, 1]
'十': [1, 2, 0, 0]
'皆': [3, 0, 0, 1]
'馬': [3, 0, 0, 0]
'百': [1, 1, 4]
'都': [0, 0, 1, 3]
'性': [0, 0, 1, 2]
'作': [0, 0, 3, 0]
'花': [0, 0, 3, 1]
'調': [0, 0, 2, 0]
'情': [0, 0, 2, 1]
'律': [1, 1, 1, 0, 1]
'骨': [0, 0, 0, 3]
'言': [0, 0, 0, 2]
'以': [0, 0, 0, 1, 0]
'者': [0, 0, 0, 1, 1]
'未': [1, 0, 4]
'、': [0, 0, 0, 0, 0]
'日': [0, 0, 0, 0, 1]
'意': [3, 2, 1]
'便': [3, 2, 0]
'光': [1, 2, 2]
'李': [1, 2, 3]
'深': [0, 1, 2, 0]
'來': [0, 1, 2, 1]
'大': [0, 1, 4]
'尤': [1, 0, 3, 1]
'目': [1, 0, 3, 0]
'外': [1, 1, 0, 1, 1]
'無': [1, 1, 0, 1, 0]
'同': [0, 0, 4]
'曰': [1, 1, 0, 3]
'多': [1, 1, 0, 2]
'篇': [3, 1, 1, 1]
'解': [3, 1, 1, 0]
'水': [0, 0, 1, 1, 0]
'趣': [3, 1, 0, 0]
'看': [3, 1, 0, 1]
'後': [0, 0, 1, 1, 1]
'談': [0, 1, 0, 0, 0]
'乎': [3, 4]
'上': [1, 1, 1, 3]
'問': [1, 1, 1, 2]
'開': [3, 0, 1, 0]
'吟': [0, 0, 0, 4]
'得': [1, 1, 0, 0, 3]
'與': [1, 1, 0, 0, 2]
'三': [0, 0, 1, 1, 2]
'文': [0, 1, 0, 1, 2]
'禹': [0, 1, 0, 1, 1, 0]
'通': [3, 0, 4]
'中': [0, 1, 0, 1, 0, 1]
'王': [3, 1, 4]
'已': [0, 4, 3]
'自': [0, 1, 0, 1, 0, 0]
'好': [3, 1, 0, 3]
'志': [1, 1, 2, 1, 1]
'年': [4, 0, 1, 0]
'四': [1, 2, 1, 3]
'出': [0, 1, 0, 0, 3]
'才': [1, 2, 1, 2]
'非': [1, 1, 2, 1, 0]
'林': [3, 3, 1, 1]
'濟': [1, 1, 1, 4]
'韓': [0, 0, 1, 0, 0, 1]
'見': [1, 2, 4]
'枝': [1, 2, 0, 3]
'七': [0, 0, 1, 0, 0, 0]
'何': [0, 0, 1, 0, 3]
'此': [0, 0, 1, 0, 1, 1]
'將': [3, 1, 2, 1]
' ': [0, 0, 3, 2]
'滿': [0, 0, 3, 3]
'君': [1, 1, 1, 0, 3]
'繩': [1, 1, 1, 1, 3]
'盼': [0, 0, 1, 0, 1, 0]
'今': [4, 4]
'冰': [3, 0, 1, 1, 1]
'易': [0, 0, 2, 2]
'丞': [0, 0, 2, 3]
'最': [3, 0, 1, 1, 0]
'辦': [0, 0, 1, 4]
'攬': [0, 1, 1, 4]
'柳': [0, 0, 0, 1, 2]
'專': [0, 0, 0, 1, 3]
'古': [1, 1, 3, 2]
'須': [3, 3, 2]
'西': [0, 0, 0, 0, 2]
'托': [0, 0, 0, 0, 3]
'種': [3, 3, 3]
'華': [3, 2, 3]
'化': [0, 1, 2, 3]
'鄧': [0, 1, 2, 2]
'火': [1, 1, 0, 4]
'熟': [1, 2, 0, 2]
'先': [0, 3, 4]
'渾': [1, 0, 3, 3]
'登': [4, 0, 2]
'葉': [1, 0, 3, 2]
'桐': [1, 1, 0, 1, 2]
'蝴': [4, 0, 0, 1]
'心': [3, 1, 1, 3]
'入': [3, 1, 1, 2]
'臨': [3, 0, 0, 2]
'金': [4, 0, 0, 0]
'世': [4, 0, 1, 1]
'和': [0, 1, 0, 4]
'訟': [0, 4, 2]
'屈': [0, 0, 1, 1, 3]
'飯': [3, 1, 0, 2]
'城': [3, 0, 1, 3]
'騎': [3, 3, 1, 0]
'箏': [3, 3, 0, 1]
'空': [0, 1, 0, 0, 2]
'郎': [3, 3, 0, 0]
'窺': [0, 1, 0, 1, 3]
'憐': [3, 0, 1, 2]
'分': [0, 0, 1, 0, 2]
'肯': [1, 1, 2, 2]
'況': [3, 1, 2, 0]
'學': [1, 1, 3, 0, 1]
'齊': [3, 0, 0, 3]
'煙': [1, 1, 3, 0, 0]
'卒': [1, 1, 3, 1, 1]
'草': [1, 1, 2, 3]
'英': [1, 1, 1, 1, 1, 1]
'謂': [1, 1, 3, 1, 0]
'散': [1, 1, 1, 0, 2]
'蹕': [1, 1, 1, 1, 1, 0]
'遙': [1, 1, 1, 1, 0, 1]
'愛': [1, 1, 1, 1, 2]
'遇': [1, 1, 3, 3]
'元': [0, 1, 0, 1, 0, 3]
'率': [3, 1, 0, 4]
'客': [3, 3, 1, 2]
'龍': [1, 1, 3, 4]
'經': [1, 1, 2, 0, 0, 0]
'萬': [0, 1, 0, 1, 0, 2]
'野': [1, 1, 0, 1, 3, 1]
'哉': [1, 2, 0, 4]
'鐘': [4, 0, 1, 3]
'辛': [1, 1, 0, 1, 3, 0]
'寫': [1, 1, 2, 1, 2]
'成': [1, 1, 2, 0, 1, 1]
'鄉': [1, 1, 0, 1, 4]
'卓': [3, 3, 0, 3]
'暮': [0, 0, 3, 4]
'恩': [1, 1, 2, 0, 1, 0]
'餘': [0, 0, 1, 0, 0, 2]
'門': [1, 1, 1, 0, 0, 0, 1]
'增': [3, 1, 2, 3]
'寄': [3, 1, 2, 2]
'然': [1, 1, 1, 0, 0, 0, 0]
'於': [0, 0, 1, 0, 1, 2]
'絕': [4, 0, 3, 1]
'皋': [1, 1, 3, 1, 3]
'二': [1, 1, 3, 1, 2]
'九': [3, 0, 1, 1, 3]
'甲': [4, 0, 3, 0]
'圍': [3, 0, 1, 1, 2]
'雙': [1, 1, 1, 0, 0, 1, 1]
'秀': [1, 1, 1, 1, 1, 2]
'韻': [1, 0, 3, 4]
'靈': [1, 1, 1, 0, 0, 1, 0]
'楊': [0, 4, 4]
'莫': [3, 0, 2, 0, 1]
'希': [1, 1, 2, 4]
'豈': [3, 0, 2, 2]
'席': [3, 0, 2, 0, 0]
'詞': [3, 2, 4]
'午': [3, 2, 2, 1]
'扈': [0, 0, 1, 0, 4]
'妙': [1, 1, 1, 0, 0, 3]
'否': [3, 2, 2, 0]
'頌': [3, 3, 4]
'架': [3, 0, 2, 1, 1]
'毆': [0, 0, 0, 1, 4]
'家': [0, 1, 0, 0, 4]
'止': [1, 1, 2, 0, 2]
'詠': [1, 1, 1, 1, 4]
'近': [3, 0, 2, 1, 0]
'首': [1, 1, 1, 1, 0, 0, 1]
'齋': [1, 2, 1, 4]
'可': [0, 1, 0, 1, 1, 3]
'妻': [1, 1, 1, 1, 0, 0, 0]
'歸': [0, 1, 0, 1, 1, 2]
'居': [0, 0, 0, 0, 4]
'侮': [4, 0, 0, 3]
'略': [4, 0, 1, 2]
'〈': [0, 0, 2, 4]
'拳': [0, 1, 2, 4]
'逋': [0, 0, 1, 0, 1, 3]
'怒': [4, 0, 0, 2]
'訊': [3, 3, 1, 3]
'鄂': [3, 0, 0, 4]
'山': [1, 1, 2, 1, 3]
'至': [4, 0, 4]
'兩': [0, 0, 1, 0, 0, 3]
'押': [3, 3, 0, 2]
'口': [1, 1, 3, 0, 2]
'範': [3, 1, 1, 4]
'小': [1, 1, 3, 0, 3]
'仗': [1, 1, 1, 0, 4]
'仙': [1, 1, 1, 1, 0, 3]
'叟': [1, 1, 1, 1, 1, 3]
'若': [1, 1, 1, 1, 0, 2]
'霄': [1, 1, 0, 0, 4]
'晉': [1, 1, 1, 0, 0, 2]
'能': [0, 1, 0, 1, 1, 1, 0]
'低': [0, 1, 0, 1, 4]
'腔': [3, 0, 2, 3]
'清': [4, 0, 1, 4]
'蝶': [1, 1, 0, 1, 3, 3]
'丑': [1, 1, 0, 1, 3, 2]
'及': [1, 1, 1, 1, 0, 0, 2]
'輕': [1, 1, 2, 0, 1, 3]
'己': [3, 0, 1, 4, 1]
'似': [3, 0, 1, 4, 0]
'老': [1, 1, 2, 0, 0, 1, 1]
'榮': [1, 1, 1, 0, 0, 0, 3]
'玩': [1, 1, 1, 0, 0, 0, 2]
'定': [4, 0, 3, 3]
'拙': [0, 0, 1, 1, 4, 1]
'婦': [0, 0, 1, 1, 4, 0]
'事': [0, 1, 0, 1, 1, 1, 1, 1]
'底': [1, 1, 2, 0, 3, 1]
'鏡': [0, 0, 1, 0, 0, 4]
'酬': [1, 1, 1, 0, 0, 1, 3]
'張': [1, 1, 1, 0, 0, 1, 2]
'里': [1, 1, 1, 1, 0, 0, 3]
'樓': [3, 0, 2, 0, 3]
'督': [3, 0, 2, 0, 2]
'從': [3, 1, 2, 4]
'半': [3, 2, 2, 3]
'踏': [3, 2, 2, 2]
'陰': [3, 0, 2, 1, 3]
'許': [3, 0, 2, 1, 2]
'到': [3, 0, 2, 4]
'指': [1, 1, 1, 1, 1, 4]
'省': [1, 1, 2, 0, 4]
'如': [3, 0, 1, 1, 4]
'侯': [1, 1, 3, 1, 4]
'懷': [1, 1, 1, 1, 0, 4]
'奇': [1, 1, 2, 1, 4]
'春': [3, 3, 0, 4]
'陽': [0, 0, 1, 0, 1, 4]
'雄': [0, 1, 0, 1, 1, 4]
'斜': [1, 1, 3, 0, 4]
'生': [0, 1, 0, 1, 0, 4]
'子': [1, 1, 1, 0, 0, 4]
'奮': [3, 3, 1, 4]
'寧': [0, 1, 0, 1, 1, 1, 2]
'猶': [1, 1, 2, 0, 0, 3]
'象': [0, 1, 0, 1, 1, 1, 3]
'蘄': [1, 1, 2, 0, 0, 2]
'招': [1, 1, 2, 0, 0, 1, 0]
'曲': [4, 0, 0, 4]
'封': [1, 1, 2, 0, 1, 2]
'則': [0, 1, 0, 1, 1, 1, 1, 0]
'耶': [4, 0, 3, 2]
'租': [3, 0, 1, 4, 3]
'望': [3, 0, 1, 4, 2]
'勞': [3, 0, 2, 1, 4]
'描': [1, 1, 2, 0, 0, 1, 2]
'郵': [0, 0, 1, 1, 4, 3]
'皇': [1, 1, 2, 0, 3, 0, 1]
'星': [1, 1, 1, 0, 0, 1, 4]
'士': [3, 2, 2, 4]
'祠': [3, 0, 2, 0, 4]
'誠': [1, 1, 2, 0, 3, 0, 0]
'料': [1, 1, 2, 0, 3, 3]
'樹': [4, 0, 3, 4]
'迥': [1, 1, 0, 1, 3, 4]
'字': [1, 1, 1, 0, 0, 0, 4]
'色': [0, 0, 1, 1, 4, 2]
'句': [1, 1, 2, 0, 3, 2]
'去': [0, 1, 0, 1, 1, 1, 1, 2]
'歌': [0, 1, 0, 1, 1, 1, 1, 3]
'國': [1, 1, 2, 0, 0, 1, 3]
'翰': [1, 1, 2, 0, 1, 4]
'異': [1, 1, 1, 1, 0, 0, 4]
'炊': [1, 1, 2, 0, 0, 4]
'命': [0, 1, 0, 1, 1, 1, 4]
'浪': [1, 1, 2, 0, 3, 0, 3]
'氣': [1, 1, 2, 0, 3, 0, 2]
'絲': [3, 0, 1, 4, 4]
'思': [0, 1, 0, 1, 1, 1, 1, 4]
'雅': [0, 0, 1, 1, 4, 4]
'般': [1, 1, 2, 0, 0, 1, 4]
'寶': [1, 1, 2, 0, 3, 4]
'貧': [1, 1, 2, 0, 3, 0, 4]
time elapsed: 1.3957ms
