best pre-ilp found cost: 5.404423380726699
avg cost: 5.192733017377599, cost: 3287
lengths: [3, 3, 4, 4, 4, 4, 4, 4, 4, 4, 4, 4, 4, 5, 5, 5, 5, 5, 5, 5, 5, 5, 5, 5, 5, 5, 5, 5, 5, 5, 5, 5, 5, 5, 5, 5, 5, 5, 5, 5, 5, 5, 5, 5, 5, 5, 5, 5, 5, 5, 5, 5, 5, 5, 5, 5, 5, 5, 5, 5, 5, 5, 5, 5, 5, 5, 5, 5, 5, 5, 5, 5, 5, 5, 5, 5, 5, 5, 5, 5, 5, 5, 5, 5, 6, 6, 6, 6, 6, 6, 6, 6, 6, 6, 6, 6, 6, 6, 6, 6, 6, 6, 6, 6, 6, 6, 6, 6, 6, 6, 6, 6, 6, 6, 6, 6, 6, 6, 6, 6, 6, 6, 6, 6, 6, 6, 6, 6, 6, 6, 6, 6, 6, 6, 6, 6, 6, 6, 6, 6, 6, 6, 6, 6, 6, 6, 6, 6, 6, 6, 6, 6, 6, 6, 6, 6, 6, 6, 6, 6, 6, 6, 6, 6, 6, 6, 6, 6, 6, 6, 6, 6, 6, 6, 6, 6, 6, 6, 6, 6, 6, 6, 6, 6, 6, 6, 6, 6, 6, 6, 6, 6, 6, 6, 6, 6, 6, 6, 6, 6, 6, 6, 6, 6, 6, 6, 6, 6, 6, 6, 6, 6, 6, 6, 6, 6, 6, 6, 6, 6, 6, 6, 6, 6, 6, 6, 6, 7, 7, 7, 7, 7, 7, 7, 7, 7, 7, 7, 7, 7, 7, 7, 7, 7, 7, 7, 7, 7, 7, 7, 7, 7, 7, 7, 7, 7, 7, 7, 7, 7, 7, 7, 7, 7, 7, 7, 7, 7, 7, 7, 7, 7, 7, 7, 7, 7, 7, 7, 7, 7, 7, 7, 7, 7, 7, 7, 7, 7, 7, 7, 7, 7, 7, 7, 7, 7, 7, 7, 7, 7, 7, 7, 7, 7, 7, 7, 7, 7, 7, 7, 7, 7, 7, 7, 7, 7, 7, 7, 7, 7, 7]
'，': [0, 2]
'。': [2, 1]
'「': [1, 1, 2]
'」': [2, 2]
'》': [1, 2, 1]
'：': [3, 1, 0]
'《': [1, 4]
'格': [1, 2, 0]
'之': [0, 0, 3]
'不': [0, 0, 0, 1]
'為': [0, 0, 2]
'云': [1, 0, 2]
'有': [0, 0, 0, 0]
'一': [1, 2, 3]
'時': [1, 1, 4]
'其': [1, 2, 2]
'相': [1, 0, 0, 0, 0]
'風': [1, 0, 0, 0, 1]
'詩': [3, 4]
'人': [1, 0, 1, 1, 0]
'武': [1, 0, 1, 1, 1]
'也': [3, 1, 1, 1]
'誰': [1, 0, 4]
'；': [0, 0, 0, 3]
'公': [1, 0, 1, 3]
'在': [1, 0, 0, 1, 1]
'是': [1, 0, 0, 1, 0]
'知': [1, 1, 3, 1]
'以': [0, 0, 0, 2]
'、': [1, 3, 3]
'言': [1, 0, 0, 2]
'而': [1, 3, 1, 1]
'者': [1, 3, 1, 0]
'都': [2, 3, 1]
'骨': [0, 0, 1, 3]
'十': [1, 0, 1, 2]
'性': [0, 1, 0, 3]
'日': [2, 0, 0, 0]
'天': [2, 0, 0, 1]
'意': [3, 0, 1, 1]
'馬': [0, 0, 1, 2]
'調': [0, 1, 4]
'作': [3, 1, 1, 0]
'花': [4, 0, 1]
'未': [4, 0, 0]
'百': [3, 2, 0]
'嚴': [3, 2, 1]
'律': [1, 1, 3, 0]
'情': [4, 1, 1]
'皆': [2, 0, 3]
'多': [2, 0, 1, 0]
'吟': [3, 0, 0, 0]
'繩': [3, 0, 0, 1]
'已': [2, 0, 1, 1]
'上': [2, 3, 0]
'七': [2, 0, 2]
'中': [1, 1, 0, 3]
'通': [3, 0, 1, 0]
'林': [0, 1, 1, 0, 1]
'君': [0, 1, 1, 0, 0]
'同': [0, 1, 0, 2]
'曰': [3, 3, 1]
'看': [3, 3, 0]
'問': [1, 0, 0, 3]
'光': [0, 0, 4]
'便': [0, 0, 1, 0, 1]
'出': [1, 1, 1, 0, 0]
'大': [1, 1, 1, 0, 1]
'乎': [0, 0, 1, 0, 0]
'非': [4, 1, 0]
'枝': [0, 3, 0, 1]
'解': [1, 3, 2]
'目': [1, 1, 1, 1, 0]
'三': [1, 1, 1, 1, 1]
'志': [1, 1, 0, 0, 1]
'韓': [1, 1, 0, 0, 0]
'四': [0, 4, 1]
'後': [0, 4, 0]
'來': [0, 0, 1, 1, 1]
'此': [0, 0, 1, 1, 0]
'尤': [1, 0, 3, 0]
'何': [1, 0, 3, 1]
'才': [0, 3, 1, 1]
'開': [0, 3, 1, 0]
' ': [1, 0, 0, 4]
'濟': [1, 0, 0, 0, 3]
'無': [1, 0, 0, 0, 2]
'王': [1, 1, 3, 3]
'篇': [3, 0, 1, 2]
'李': [1, 3, 0, 0, 1]
'禹': [1, 3, 0, 0, 0]
'將': [1, 0, 1, 4]
'文': [1, 3, 0, 1, 1]
'得': [2, 0, 4]
'外': [1, 3, 0, 1, 0]
'好': [0, 1, 0, 4]
'水': [1, 0, 1, 1, 3]
'年': [3, 2, 2]
'自': [3, 1, 3, 1]
'談': [1, 0, 1, 1, 2]
'與': [3, 1, 3, 0]
'深': [3, 1, 1, 3]
'趣': [3, 1, 1, 2]
'滿': [1, 0, 1, 0, 1, 1]
'見': [1, 0, 1, 0, 1, 0]
'秀': [0, 0, 0, 4]
'租': [1, 0, 0, 1, 3]
'蝴': [3, 0, 0, 2]
'成': [3, 0, 1, 3]
'雅': [1, 0, 1, 0, 0, 1]
'郎': [1, 0, 0, 1, 2]
'踏': [1, 0, 1, 0, 0, 0]
'怒': [1, 1, 3, 2]
'封': [3, 0, 0, 3]
'侮': [3, 0, 2, 1]
'若': [1, 3, 4]
'須': [3, 0, 2, 0]
'思': [1, 3, 1, 3]
'架': [2, 0, 1, 2]
'學': [1, 1, 0, 4]
'炊': [0, 1, 0, 1, 1, 1]
'浪': [1, 3, 1, 2]
'首': [0, 1, 0, 1, 1, 0]
'心': [2, 3, 3]
'華': [0, 1, 0, 1, 0, 1]
'寧': [2, 3, 2]
'輕': [0, 1, 0, 1, 0, 0]
'去': [2, 0, 0, 2]
'種': [2, 0, 0, 3]
'火': [4, 0, 2]
'鄂': [3, 0, 3, 0]
'拙': [3, 0, 3, 1]
'範': [3, 3, 2]
'甲': [4, 0, 3]
'草': [1, 1, 0, 1, 0, 1]
'兩': [1, 1, 1, 4]
'樓': [1, 1, 0, 1, 0, 0]
'葉': [3, 2, 3]
'迥': [1, 1, 1, 0, 3]
'至': [1, 1, 0, 1, 1, 1]
'否': [1, 1, 0, 1, 1, 0]
'居': [0, 0, 1, 0, 2]
'雄': [4, 2, 1]
'皋': [4, 1, 3]
'逋': [4, 2, 0]
'歸': [2, 0, 1, 3]
'暮': [1, 1, 1, 1, 3]
'齊': [0, 1, 1, 0, 3]
'扈': [0, 1, 0, 0, 1, 1]
'頌': [0, 1, 0, 0, 1, 0]
'蹕': [0, 0, 1, 4]
'寫': [0, 4, 2]
'小': [4, 3, 1]
'氣': [0, 4, 3]
'半': [4, 3, 0]
'鐘': [3, 3, 3]
'客': [1, 0, 3, 3]
'分': [0, 1, 1, 1, 3]
'止': [1, 1, 1, 2, 1]
'省': [1, 1, 1, 2, 0]
'似': [0, 0, 1, 1, 3]
'詠': [1, 1, 1, 3, 1]
'卓': [0, 0, 1, 1, 2]
'雙': [1, 1, 1, 3, 0]
'蝶': [1, 1, 1, 0, 2]
'齋': [0, 3, 0, 3]
'靈': [1, 1, 0, 0, 3]
'希': [0, 3, 1, 3]
'箏': [0, 1, 1, 2, 1]
'訊': [0, 0, 1, 0, 3]
'料': [0, 1, 1, 2, 0]
'鄉': [4, 1, 2]
'最': [0, 1, 2, 1, 1]
'描': [0, 1, 2, 1, 0]
'餘': [1, 1, 1, 1, 2]
'略': [1, 2, 4]
'能': [0, 1, 2, 0, 1]
'謂': [0, 1, 2, 0, 0]
'毆': [0, 1, 1, 0, 2]
'招': [0, 1, 1, 3, 1]
'望': [0, 1, 1, 3, 0]
'城': [1, 0, 3, 2]
'丑': [0, 1, 1, 1, 2]
'耶': [2, 4, 0]
'肯': [2, 4, 1]
'妻': [0, 1, 0, 0, 2]
'卒': [0, 3, 2, 1]
'憐': [0, 3, 2, 0]
'寶': [0, 3, 0, 2]
'士': [1, 1, 0, 1, 2]
'押': [0, 3, 0, 0, 1]
'事': [0, 3, 0, 0, 0]
'屈': [1, 1, 0, 0, 2]
'霄': [0, 3, 3, 1]
'先': [0, 3, 3, 0]
'妙': [0, 1, 2, 2]
'席': [0, 1, 2, 3]
'字': [1, 1, 0, 2, 1]
'臨': [0, 3, 4]
'拳': [1, 1, 0, 2, 0]
'家': [0, 3, 1, 2]
'然': [0, 1, 0, 0, 0, 1]
'莫': [0, 1, 0, 0, 0, 0]
'誠': [0, 1, 0, 0, 3]
'古': [0, 1, 1, 1, 1, 1]
'異': [0, 1, 1, 1, 1, 0]
'遇': [1, 1, 0, 1, 3]
'世': [0, 1, 1, 1, 0, 1]
'則': [0, 1, 1, 1, 0, 0]
'辦': [0, 1, 1, 4]
'愛': [0, 1, 0, 1, 3]
'皇': [0, 1, 0, 1, 2]
'侯': [3, 0, 4]
'西': [1, 0, 1, 0, 3]
'貧': [1, 0, 1, 0, 2]
'午': [3, 1, 4]
'樹': [4, 4]
'勞': [1, 3, 0, 3]
'般': [1, 3, 0, 2]
'冰': [0, 1, 3, 0, 0]
'猶': [0, 1, 3, 0, 1]
'煙': [0, 1, 3, 3]
'奮': [0, 1, 3, 2]
'從': [0, 1, 3, 1, 1]
'登': [0, 1, 3, 1, 0]
'攬': [3, 1, 2, 0]
'遙': [3, 1, 2, 1]
'訟': [1, 3, 0, 0, 2]
'盼': [3, 1, 1, 4]
'門': [0, 1, 3, 1, 2]
'里': [1, 3, 0, 1, 3]
'指': [1, 0, 1, 1, 4]
'郵': [1, 3, 0, 1, 2]
'辛': [0, 1, 3, 0, 2]
'命': [3, 1, 3, 3]
'叟': [1, 1, 1, 0, 4]
'入': [1, 0, 1, 0, 1, 3]
'況': [1, 3, 0, 0, 3]
'元': [0, 0, 1, 0, 4]
'陰': [3, 1, 3, 2]
'懷': [3, 1, 2, 3]
'象': [3, 0, 2, 3]
'定': [1, 0, 1, 0, 1, 2]
'渾': [3, 1, 2, 2]
'增': [4, 0, 4]
'九': [0, 1, 0, 1, 0, 3]
'低': [0, 0, 1, 1, 4]
'經': [3, 0, 3, 3]
'星': [0, 1, 1, 2, 3]
'清': [0, 1, 0, 1, 4]
'楊': [0, 1, 0, 1, 1, 3]
'散': [1, 1, 0, 1, 1, 3]
'易': [2, 0, 0, 4]
'婦': [3, 0, 0, 4]
'如': [0, 1, 0, 0, 1, 3]
'奇': [1, 1, 1, 3, 3]
'斜': [4, 3, 3]
'今': [1, 1, 1, 2, 3]
'山': [1, 0, 1, 0, 0, 2]
'春': [1, 1, 3, 4]
'仗': [0, 1, 3, 1, 3]
'鄧': [3, 0, 2, 2]
'許': [1, 3, 1, 4]
'國': [3, 3, 4]
'蘄': [0, 1, 0, 1, 1, 2]
'英': [1, 0, 1, 0, 0, 3]
'和': [0, 1, 2, 1, 2]
'〈': [1, 0, 0, 0, 4]
'野': [0, 1, 1, 3, 3]
'化': [0, 1, 3, 4]
'飯': [0, 1, 1, 1, 4]
'陽': [0, 1, 0, 0, 4]
'句': [0, 1, 0, 1, 0, 2]
'二': [0, 3, 1, 4]
'窺': [0, 3, 0, 4]
'寄': [0, 3, 0, 0, 3]
'腔': [0, 3, 3, 3]
'專': [0, 3, 2, 3]
'己': [1, 1, 0, 2, 3]
'空': [3, 0, 3, 2]
'韻': [1, 0, 0, 1, 4]
'酬': [0, 4, 4]
'丞': [4, 2, 3]
'於': [1, 1, 0, 1, 0, 2]
'熟': [1, 1, 0, 1, 1, 2]
'托': [1, 1, 0, 1, 0, 3]
'可': [4, 2, 2]
'口': [0, 1, 0, 0, 1, 2]
'生': [2, 0, 1, 4]
'祠': [1, 0, 1, 0, 4]
'曲': [4, 3, 2]
'子': [1, 1, 1, 2, 2]
'歌': [3, 2, 4]
'率': [1, 1, 1, 3, 2]
'恩': [0, 1, 1, 2, 2]
'圍': [0, 1, 2, 1, 3]
'柳': [0, 1, 2, 0, 3]
'詞': [2, 4, 3]
'色': [1, 3, 0, 4]
'督': [2, 3, 4]
'張': [0, 1, 2, 0, 2]
'底': [0, 1, 1, 3, 2]
'鏡': [1, 1, 0, 0, 4]
'及': [2, 4, 2]
'萬': [1, 1, 0, 1, 4]
'絕': [0, 3, 2, 2]
'絲': [0, 3, 0, 0, 2]
'老': [0, 1, 2, 4]
'到': [0, 3, 3, 2]
'仙': [1, 1, 0, 2, 2]
'晉': [0, 1, 0, 0, 0, 3]
'豈': [0, 1, 0, 0, 0, 2]
'金': [0, 1, 1, 1, 1, 3]
'榮': [0, 1, 1, 1, 1, 2]
'哉': [0, 1, 1, 1, 0, 3]
'龍': [0, 1, 1, 1, 0, 2]
'翰': [0, 1, 1, 0, 4]
'玩': [3, 0, 1, 4]
'騎': [1, 0, 3, 4]
'桐': [0, 1, 3, 0, 3]
'近': [1, 1, 1, 1, 4]
time elapsed: 552.6021ms
