huffman optimal: false
avg cost: 8.292549705047042, cost: 37955
lengths: [3, 4, 4, 5, 5, 6, 6, 6, 6, 6, 6, 6, 7, 7, 7, 7, 7, 7, 7, 7, 7, 7, 7, 7, 7, 7, 8, 8, 8, 8, 8, 8, 8, 8, 8, 8, 8, 8, 8, 8, 8, 8, 8, 8, 8, 8, 8, 8, 9, 9, 9, 9, 9, 9, 9, 9, 9, 9, 9, 9, 9, 9, 9, 9, 9, 9, 9, 9, 9, 9, 9, 9, 9, 9, 9, 9, 9, 10, 10, 10, 10, 10, 10, 10, 10, 10, 10, 10, 10, 10, 10, 10, 10, 10, 10, 10, 10, 10, 10, 10, 10, 10, 10, 10, 10, 10, 10, 10, 10, 10, 10, 10, 10, 10, 10, 10, 10, 10, 10, 10, 10, 10, 10, 10, 10, 10, 10, 10, 11, 11, 11, 11, 11, 11, 11, 11, 11, 11, 11, 11, 11, 11, 11, 11, 11, 11, 11, 11, 11, 11, 11, 11, 11, 11, 11, 11, 11, 11, 11, 11, 11, 11, 11, 11, 11, 11, 11, 11, 11, 11, 11, 11, 11, 11, 11, 11, 11, 11, 11, 11, 12, 12, 12, 12, 12, 12, 12, 12, 12, 12, 12, 12, 12, 12, 12, 12, 12, 12, 12, 12, 12, 12, 12, 12, 12, 12, 12, 12, 12, 12, 12, 12, 12, 12, 12, 12, 12, 12, 12, 12, 12, 12, 12, 12, 12, 12, 12, 12, 12, 12, 12, 12, 12, 12, 12, 12, 12, 12, 12, 12, 12, 12, 12, 12, 12, 12, 12, 12, 13, 13, 13, 13, 13, 13, 13, 13, 13, 13, 13, 13, 13, 13, 13, 13, 13, 13, 13, 13, 13, 13, 13, 13, 13, 13, 13, 13, 13, 13, 13, 13, 13, 13, 13, 13, 13, 13, 13, 13, 13, 13, 13, 13, 13, 13, 13, 13, 13, 13, 13, 13, 13, 13, 13, 13, 13, 13, 13, 13, 13, 13, 13, 13, 13, 13, 13, 13, 13, 13, 13, 13, 13, 13, 13, 13, 13, 13, 13, 13, 13, 13, 13, 13, 13, 14, 14, 14, 14, 14, 14, 14, 14, 14, 14, 14, 14, 14, 14, 14, 14, 14, 14, 14, 14, 14, 14, 14, 14, 14, 14, 14, 14, 14, 14, 14, 14, 14, 14, 14, 14, 14, 14, 14, 14, 14, 14, 14, 14, 14, 14, 14, 14, 14, 14, 14, 14, 14, 14, 14, 14, 14, 14, 14, 14, 14, 14, 14, 14, 14, 14, 14, 14, 14, 14, 14, 14, 14, 14, 14, 14, 14, 15, 15, 15, 15, 15, 15, 15, 15, 15, 15, 15, 15, 15, 15, 15, 15, 15, 15, 15, 15, 15, 15, 15, 15, 15, 15, 15, 15, 15, 15, 15, 15, 15, 15, 15, 15, 15, 15, 15, 15, 15, 15, 15, 15, 15, 15, 15, 15, 15, 15, 15, 15, 15, 15, 15, 15, 15, 15, 15, 15, 15, 15, 15, 15, 15, 15, 15, 15, 15, 15, 15, 15, 15, 15, 15, 15, 15, 15, 15, 15, 16, 16, 16, 16, 16, 16, 16, 16, 16, 16, 16, 16, 16, 16, 16, 16, 16, 16, 16, 16, 16, 16, 16, 16, 16, 16, 16, 16, 16, 16, 16, 16, 16, 16, 16, 16, 16, 16, 16, 16, 16, 16, 16, 16, 16, 16, 16, 16, 16, 16, 16, 16, 16, 16, 16, 16, 16, 16, 16, 16, 16, 16, 16, 16, 16, 16, 16, 16, 16, 16, 17, 17, 17, 17, 17, 17, 17, 17, 17, 17, 17, 17, 17, 17, 17, 17, 17, 17, 17, 17, 17, 17, 17, 17, 17, 17, 17, 17, 17, 17, 17, 17, 17, 17, 17, 17, 17, 17, 17, 17, 17, 17, 17, 17, 17, 17, 18, 18, 18, 18, 18, 18, 18, 18, 18, 18, 18, 18, 18, 18, 18, 18, 18, 18, 18, 18, 18, 18, 18, 18, 18, 18, 18, 18, 18, 18, 18, 18, 18, 18, 18, 19, 19, 19, 19, 19, 19, 19, 19, 19, 19, 19, 19, 19, 19, 19, 19, 19, 19, 19, 20, 20, 20, 20, 20, 20, 20, 20, 21, 21, 21, 21, 21, 22]
'の': [2]
'た': [0, 2]
'に': [0, 1, 0]
'い': [1, 0, 1]
'し': [0, 0, 0, 0, 0]
'と': [1, 3]
'を': [0, 0, 0, 0, 1]
'て': [1, 0, 2]
'は': [0, 1, 1, 0]
'、': [3, 1]
'な': [0, 0, 0, 1, 0]
'。': [1, 0, 0, 0, 0]
'が': [0, 1, 3]
'る': [0, 0, 0, 0, 2]
'こ': [0, 0, 1, 0, 0, 0]
'で': [0, 1, 1, 1]
'か': [1, 2, 0, 0]
'っ': [0, 0, 0, 1, 1]
'う': [3, 2]
'ら': [0, 0, 3, 0]
'れ': [0, 0, 0, 3]
'す': [0, 0, 1, 1, 0]
'ー': [1, 0, 3]
'り': [1, 0, 0, 0, 1]
'き': [1, 1, 2]
'ま': [0, 0, 1, 2]
'そ': [1, 0, 0, 3]
'ン': [0, 0, 1, 0, 0, 1]
'く': [1, 1, 3]
'よ': [1, 2, 0, 1]
'だ': [0, 1, 1, 2]
'さ': [0, 0, 0, 2, 0, 0]
'あ': [0, 0, 0, 0, 3]
'も': [0, 0, 3, 1]
'わ': [1, 0, 0, 1, 0, 0]
'　': [0, 0, 0, 1, 2]
'・': [0, 0, 1, 1, 1]
' ': [1, 1, 0, 1, 0]
'お': [1, 1, 1, 1]
'「': [0, 3, 0, 0, 0]
'け': [3, 0, 0, 0, 0]
'」': [1, 2, 2]
'ル': [0, 0, 2, 1, 0]
'ん': [0, 0, 2, 0, 0, 0]
'ち': [3, 3]
'え': [0, 0, 1, 0, 2]
'ラ': [3, 0, 1, 0]
'つ': [0, 1, 2, 0, 0]
'ス': [0, 0, 1, 0, 0, 2]
'イ': [0, 0, 0, 1, 3]
'見': [3, 0, 0, 2]
'人': [1, 0, 0, 2, 0, 0]
'カ': [0, 0, 1, 3, 0]
'ト': [1, 2, 0, 2]
'レ': [0, 0, 2, 0, 1, 0]
'ウ': [0, 0, 0, 2, 0, 1]
'ジ': [1, 1, 0, 0, 2]
'や': [0, 3, 1, 0, 0]
'ど': [0, 0, 3, 2]
'聖': [1, 0, 0, 1, 0, 1]
'大': [3, 0, 2, 0]
'彼': [0, 3, 2, 0]
'上': [1, 1, 1, 2]
'め': [1, 1, 0, 1, 1]
'エ': [0, 3, 0, 0, 1]
'者': [0, 0, 1, 1, 2]
'せ': [1, 1, 0, 0, 0, 0, 0]
'ア': [1, 2, 3]
'思': [3, 0, 0, 1, 0]
'出': [3, 0, 0, 0, 1]
'フ': [0, 0, 2, 1, 1]
'建': [1, 1, 0, 3]
'ば': [1, 1, 0, 0, 1, 0]
'車': [0, 0, 2, 0, 2]
'堂': [1, 1, 1, 0, 0, 0]
'サ': [0, 1, 2, 2]
'み': [0, 0, 2, 0, 0, 1]
'チ': [0, 0, 2, 0, 3]
'ョ': [1, 0, 0, 2, 0, 1]
'海': [1, 1, 1, 3]
'手': [1, 1, 0, 2, 1]
'中': [0, 3, 3, 0]
'道': [0, 0, 2, 0, 1, 1]
'物': [0, 3, 0, 0, 2]
'事': [0, 3, 1, 0, 1]
'タ': [1, 1, 0, 0, 3]
'む': [1, 0, 0, 1, 0, 2]
'言': [3, 0, 2, 1]
'べ': [0, 3, 2, 1]
'一': [1, 1, 0, 1, 2]
'口': [1, 2, 0, 3]
'げ': [1, 1, 0, 0, 0, 0, 1]
'会': [0, 0, 0, 2, 3]
'ク': [3, 0, 0, 1, 1]
'地': [0, 0, 0, 2, 0, 2]
'マ': [0, 0, 2, 2, 1]
'ね': [1, 1, 0, 0, 1, 1]
'立': [0, 0, 2, 1, 2]
'雨': [1, 1, 1, 0, 0, 1]
'司': [0, 0, 1, 0, 1, 0, 1]
'通': [0, 1, 2, 1, 0, 0]
'水': [1, 0, 0, 0, 2, 1]
'ほ': [0, 1, 2, 1, 1]
'部': [0, 0, 1, 0, 1, 0, 0, 0]
'主': [0, 0, 0, 2, 2, 0]
'入': [3, 0, 1, 2]
'乗': [0, 0, 3, 3]
'び': [3, 0, 0, 0, 2]
'築': [1, 2, 1, 0, 0, 0]
'ろ': [0, 0, 2, 2, 0, 0]
'ょ': [0, 3, 0, 1, 0, 0]
'オ': [0, 0, 1, 0, 0, 3]
'任': [1, 1, 0, 2, 0, 0]
'自': [1, 1, 1, 0, 2]
'川': [0, 0, 2, 0, 0, 2]
'場': [1, 0, 0, 1, 2, 0]
'決': [0, 0, 1, 1, 3]
'馬': [0, 0, 1, 0, 3, 0]
'ド': [1, 1, 0, 0, 0, 2]
'ァ': [0, 1, 2, 3]
'家': [0, 3, 1, 2]
'祭': [0, 3, 0, 2, 0]
'ぶ': [0, 1, 2, 0, 2]
'分': [0, 0, 0, 2, 1, 0, 0]
'員': [1, 0, 0, 2, 2]
'気': [3, 0, 3, 0]
'合': [1, 0, 0, 1, 1, 0, 0]
'―': [1, 2, 1, 1, 0]
'行': [1, 0, 0, 1, 0, 3]
'市': [0, 3, 3, 1]
'港': [1, 0, 0, 2, 0, 2]
'内': [1, 0, 0, 1, 1, 2]
'ざ': [0, 3, 0, 1, 0, 1]
'前': [0, 0, 2, 0, 1, 2]
'ッ': [0, 3, 0, 0, 3]
'後': [0, 1, 2, 1, 0, 1]
'駅': [0, 0, 0, 2, 0, 3]
'目': [0, 0, 0, 2, 1, 2]
'奏': [0, 3, 1, 0, 2]
'降': [1, 1, 1, 0, 3]
'ぎ': [3, 0, 2, 2]
'利': [0, 0, 1, 0, 1, 0, 0, 1]
'ご': [0, 0, 2, 1, 3]
'友': [0, 3, 2, 2]
'送': [0, 3, 0, 1, 2]
'重': [0, 0, 0, 2, 2, 1]
'明': [1, 1, 0, 0, 0, 3]
'取': [1, 1, 0, 2, 2]
'線': [1, 1, 0, 0, 0, 0, 2]
'不': [3, 0, 0, 0, 3]
'塔': [0, 0, 2, 2, 0, 1]
'教': [3, 0, 0, 1, 2]
'紹': [1, 2, 1, 0, 2]
'陸': [1, 1, 0, 0, 1, 2]
'ワ': [1, 0, 0, 0, 2, 0, 0, 0]
'ひ': [1, 2, 1, 0, 0, 1]
'得': [1, 0, 0, 2, 3]
'意': [0, 0, 1, 3, 1, 0]
'過': [0, 0, 1, 0, 1, 0, 2]
'ノ': [0, 1, 2, 1, 2]
'素': [1, 1, 1, 0, 0, 2]
'交': [0, 1, 2, 0, 1, 0, 0]
'運': [1, 0, 0, 0, 3, 0, 0]
'式': [1, 0, 0, 1, 3, 0]
'四': [1, 0, 0, 0, 2, 2]
'外': [1, 0, 0, 1, 2, 1]
'着': [0, 3, 0, 3, 0]
'ガ': [0, 0, 2, 0, 0, 3]
'鉄': [3, 0, 1, 1, 0, 0]
'介': [0, 0, 1, 3, 2]
'実': [1, 1, 0, 1, 3]
'広': [1, 1, 0, 2, 0, 1]
'敷': [3, 0, 3, 1]
'ミ': [1, 2, 1, 0, 1, 0]
'振': [0, 1, 1, 3, 0, 0]
'医': [1, 1, 1, 0, 1, 0, 0]
'ぼ': [0, 0, 0, 2, 1, 0, 1]
'数': [0, 0, 1, 0, 3, 1]
'防': [3, 0, 0, 3, 0]
'差': [0, 3, 0, 1, 1, 0]
'身': [0, 3, 3, 2]
'方': [0, 0, 2, 2, 0, 2]
'屋': [0, 3, 0, 3, 1]
'安': [1, 0, 0, 0, 2, 0, 0, 1]
'ぐ': [0, 1, 2, 1, 3]
'若': [0, 1, 2, 0, 1, 1, 0]
'リ': [1, 0, 0, 0, 2, 0, 1, 0]
'側': [0, 1, 2, 1, 0, 2]
'年': [0, 0, 1, 3, 1, 1]
'用': [0, 1, 2, 0, 3, 0]
'々': [0, 0, 2, 0, 1, 3]
'話': [1, 0, 0, 1, 1, 3]
'説': [1, 1, 0, 2, 3]
'ず': [1, 0, 0, 0, 3, 1, 0]
'少': [0, 1, 2, 0, 1, 0, 1]
'民': [3, 0, 1, 1, 1, 0]
'量': [0, 0, 1, 0, 1, 0, 0, 2]
'パ': [0, 0, 2, 2, 2, 0]
'特': [1, 0, 0, 2, 0, 3]
'堤': [1, 0, 0, 1, 2, 2]
'示': [1, 0, 0, 1, 3, 1]
'助': [0, 1, 1, 3, 1, 0]
'越': [0, 0, 0, 2, 2, 2]
'晴': [1, 0, 0, 0, 3, 0, 1]
'町': [1, 1, 1, 0, 1, 1, 0]
'舞': [0, 0, 0, 2, 1, 3]
'空': [1, 1, 0, 2, 0, 2]
'北': [3, 0, 1, 1, 0, 1]
'ぞ': [1, 2, 1, 0, 1, 1]
'商': [0, 0, 2, 3, 1, 0]
'眠': [1, 1, 0, 0, 0, 1, 1, 0]
'廊': [0, 0, 1, 0, 1, 0, 3]
'歩': [0, 0, 1, 0, 1, 2, 0, 0]
'足': [1, 2, 1, 0, 0, 2]
'散': [0, 0, 1, 0, 3, 2]
'小': [0, 3, 1, 1, 1, 0]
'草': [1, 2, 1, 0, 3]
'走': [0, 1, 1, 3, 0, 1]
'じ': [0, 0, 1, 0, 1, 1, 0, 0, 0]
'他': [3, 0, 1, 3, 0]
'河': [0, 3, 0, 2, 2]
'修': [0, 3, 0, 1, 0, 2]
'船': [0, 3, 0, 1, 1, 1]
'指': [1, 0, 0, 2, 1, 1, 0]
'づ': [0, 0, 2, 2, 3]
'味': [1, 2, 1, 2, 0, 0]
'石': [1, 0, 0, 0, 2, 3]
'撃': [0, 3, 0, 1, 3]
'保': [0, 3, 2, 3]
'南': [0, 0, 1, 0, 1, 1, 1, 0]
'名': [3, 0, 0, 3, 1]
'ダ': [0, 3, 1, 3, 0]
'代': [0, 0, 2, 3, 0, 1]
'古': [1, 1, 1, 0, 0, 3]
'復': [1, 0, 0, 2, 1, 0, 0, 0]
'生': [3, 0, 2, 3]
'牧': [1, 1, 1, 0, 1, 0, 1]
'音': [0, 0, 1, 3, 3]
'格': [1, 2, 1, 1, 1, 0]
'巨': [0, 0, 0, 2, 1, 0, 2]
'到': [0, 3, 1, 1, 0, 0, 0]
'考': [0, 0, 0, 2, 1, 1, 0, 0]
'仕': [1, 0, 0, 1, 1, 1, 1]
'荷': [1, 2, 1, 1, 2]
'ゃ': [1, 0, 0, 2, 1, 2]
'無': [3, 0, 3, 2]
'面': [1, 2, 1, 3, 0]
'全': [1, 0, 0, 1, 1, 0, 2]
'丈': [0, 1, 2, 1, 0, 3]
'図': [0, 1, 2, 0, 1, 0, 2]
'区': [1, 1, 0, 0, 0, 1, 0, 2]
'砂': [0, 3, 3, 3]
'輪': [1, 0, 0, 0, 3, 2, 0]
'積': [0, 0, 1, 0, 1, 0, 0, 3]
'注': [3, 0, 1, 1, 2, 0]
'望': [0, 1, 1, 3, 2, 0]
'以': [1, 0, 0, 0, 2, 0, 0, 2]
'ベ': [0, 1, 2, 0, 1, 1, 1]
'券': [0, 0, 0, 2, 2, 3]
'床': [1, 1, 1, 0, 1, 2, 0]
'持': [0, 1, 2, 0, 3, 1]
'直': [1, 0, 0, 0, 2, 0, 1, 1]
'治': [0, 0, 2, 3, 2, 0]
'美': [0, 0, 1, 3, 1, 2]
'匂': [1, 0, 0, 0, 3, 1, 1]
'ム': [1, 0, 0, 1, 3, 2]
'日': [0, 3, 0, 3, 2]
'ピ': [1, 1, 0, 0, 0, 1, 2, 0]
'今': [0, 0, 1, 0, 1, 2, 1, 0]
'感': [0, 0, 2, 3, 3]
'所': [0, 0, 2, 2, 2, 1]
'濡': [0, 3, 1, 1, 2, 0]
'世': [1, 0, 0, 0, 3, 3]
'能': [0, 1, 1, 3, 1, 1]
'役': [0, 0, 1, 0, 1, 1, 0, 1, 0]
'横': [3, 0, 1, 1, 1, 1]
'グ': [1, 1, 1, 0, 1, 1, 1]
'参': [1, 2, 1, 2, 1, 0]
'境': [1, 0, 0, 0, 3, 0, 2]
'覆': [3, 0, 0, 1, 3, 0]
'支': [1, 0, 0, 0, 2, 0, 3]
'波': [1, 1, 0, 0, 0, 1, 1, 1]
'ポ': [1, 1, 1, 0, 1, 3]
'都': [1, 0, 0, 2, 1, 0, 1, 0]
'多': [3, 0, 1, 1, 0, 2]
'三': [0, 0, 1, 0, 1, 2, 0, 1]
'信': [0, 0, 2, 3, 0, 0, 0, 0]
'キ': [0, 1, 2, 0, 1, 3]
'套': [0, 3, 1, 1, 1, 1]
'ぬ': [1, 2, 1, 0, 1, 2]
'対': [0, 3, 1, 0, 3, 0]
'岸': [0, 0, 1, 0, 1, 1, 0, 0, 1]
'何': [0, 0, 1, 0, 1, 1, 2, 0]
'窓': [0, 1, 1, 3, 0, 2]
'放': [3, 0, 1, 3, 1]
'呼': [0, 3, 0, 2, 1, 0, 0]
'神': [1, 1, 1, 0, 1, 0, 2]
'時': [1, 0, 0, 2, 1, 1, 1]
'下': [3, 0, 0, 3, 2]
'ォ': [0, 0, 1, 0, 1, 3, 0, 0]
'集': [1, 2, 1, 2, 0, 1]
'細': [0, 0, 2, 2, 0, 3]
'汽': [1, 1, 0, 0, 0, 0, 3, 0]
'権': [0, 0, 1, 0, 1, 1, 1, 1]
'流': [1, 1, 0, 0, 0, 1, 0, 0, 0, 0]
'伸': [0, 3, 0, 1, 1, 2]
'風': [0, 3, 1, 3, 1]
'街': [1, 1, 0, 0, 1, 3, 0]
'ブ': [0, 0, 2, 3, 0, 2]
'厳': [1, 0, 0, 2, 1, 0, 0, 1]
'頭': [1, 0, 0, 1, 1, 0, 1, 0, 0]
'様': [0, 0, 2, 3, 1, 1]
'シ': [3, 0, 1, 1, 3]
'有': [1, 2, 1, 1, 1, 1]
'動': [1, 0, 0, 1, 1, 1, 2]
'工': [0, 0, 0, 2, 1, 1, 1, 0]
'十': [0, 1, 1, 3, 3]
'山': [1, 1, 0, 0, 0, 1, 0, 1, 0]
'根': [0, 0, 0, 2, 1, 1, 2]
'儀': [0, 0, 0, 2, 1, 1, 0, 1]
'進': [0, 3, 1, 1, 0, 1, 0]
'買': [1, 2, 1, 3, 1]
'ヴ': [1, 0, 0, 1, 1, 1, 0, 0, 0]
'ゆ': [1, 0, 0, 1, 1, 1, 0, 1]
'便': [0, 3, 1, 1, 0, 0, 1]
'尊': [0, 3, 1, 1, 0, 2]
'深': [1, 0, 0, 1, 1, 0, 1, 1]
'隊': [1, 1, 0, 0, 0, 1, 0, 0, 1]
'委': [3, 0, 3, 3]
'テ': [0, 0, 1, 0, 1, 3, 1]
'知': [1, 0, 0, 2, 1, 0, 2]
'負': [0, 3, 0, 2, 1, 1]
'社': [0, 0, 2, 3, 0, 0, 1]
'二': [1, 0, 0, 0, 2, 0, 0, 3]
'団': [1, 0, 0, 0, 3, 2, 1]
'ホ': [1, 1, 1, 0, 1, 1, 2]
'度': [3, 0, 1, 1, 2, 1]
'午': [0, 0, 1, 3, 1, 3]
'寄': [1, 0, 0, 0, 2, 0, 2, 1]
'等': [0, 1, 1, 3, 2, 1]
'羊': [0, 1, 2, 0, 1, 1, 2]
'暗': [1, 1, 1, 0, 1, 2, 1]
'隻': [1, 2, 1, 0, 1, 3]
'楽': [0, 1, 2, 0, 1, 2, 0, 0]
'達': [0, 1, 2, 0, 1, 2, 1]
'頷': [0, 0, 2, 3, 2, 1]
'老': [1, 1, 0, 0, 0, 1, 2, 1]
'職': [3, 0, 1, 1, 1, 2]
'元': [3, 0, 1, 3, 2]
'由': [0, 0, 1, 0, 1, 2, 1, 1]
'心': [0, 0, 2, 2, 2, 2]
'へ': [0, 3, 1, 1, 2, 1]
'捨': [0, 0, 1, 0, 1, 1, 0, 1, 1]
'完': [1, 0, 0, 0, 2, 0, 1, 2]
'移': [1, 2, 1, 2, 1, 1]
'耐': [1, 1, 0, 2, 0, 3, 0]
'沛': [1, 0, 0, 0, 3, 1, 2]
'往': [1, 0, 0, 0, 2, 0, 2, 0, 0]
'客': [3, 0, 0, 1, 3, 1]
'忘': [0, 0, 0, 2, 1, 0, 3, 0]
'比': [0, 3, 1, 3, 2]
'革': [1, 0, 0, 2, 1, 0, 1, 1]
'肩': [0, 1, 1, 3, 1, 2]
'板': [0, 0, 1, 0, 3, 3, 0]
'再': [1, 0, 0, 1, 2, 3, 0]
'首': [0, 0, 2, 3, 0, 0, 0, 1]
'ケ': [0, 3, 1, 0, 3, 1]
'院': [0, 0, 1, 0, 1, 2, 0, 2]
'体': [0, 0, 1, 0, 1, 1, 2, 1]
'囲': [0, 3, 0, 2, 3, 0]
'逆': [0, 0, 2, 3, 1, 2]
'》': [0, 3, 0, 2, 1, 0, 1]
'貿': [1, 2, 1, 0, 0, 3, 0]
'幹': [1, 0, 0, 2, 1, 3, 0]
'夫': [0, 0, 1, 0, 1, 1, 3, 0]
'刻': [0, 0, 1, 0, 1, 3, 0, 1]
'計': [1, 0, 0, 2, 1, 1, 2]
'ィ': [1, 2, 1, 2, 0, 2]
'諺': [0, 3, 0, 1, 0, 3, 0]
'快': [1, 2, 1, 1, 3, 0]
'史': [1, 1, 0, 0, 0, 1, 0, 0, 0, 1]
'払': [1, 0, 0, 1, 1, 0, 3, 0]
'末': [0, 1, 2, 0, 1, 0, 3]
'待': [1, 1, 0, 0, 1, 3, 1]
'席': [1, 1, 0, 0, 0, 0, 3, 1]
'残': [0, 0, 1, 0, 1, 1, 0, 0, 2]
'沈': [1, 0, 0, 1, 1, 0, 1, 0, 1]
'鄙': [0, 0, 0, 2, 1, 1, 1, 1]
'六': [0, 0, 1, 0, 1, 2, 2, 0]
'岩': [0, 0, 1, 0, 1, 1, 0, 2, 0]
'印': [1, 1, 0, 0, 0, 1, 0, 1, 1]
'縮': [1, 1, 0, 0, 0, 1, 1, 2]
'申': [0, 3, 1, 1, 0, 1, 1]
'敬': [0, 3, 1, 1, 3, 0]
'架': [0, 1, 2, 0, 3, 2]
'易': [1, 1, 0, 0, 0, 1, 3, 0]
'被': [0, 0, 1, 0, 1, 1, 1, 2]
'優': [0, 3, 1, 1, 1, 2]
'万': [1, 2, 1, 3, 2]
'男': [1, 0, 0, 1, 1, 1, 0, 0, 1]
'認': [0, 3, 1, 1, 0, 0, 2]
'嫌': [1, 0, 0, 1, 1, 1, 0, 2]
'約': [0, 0, 0, 2, 1, 1, 0, 2]
'高': [1, 2, 1, 2, 2, 0]
'答': [1, 0, 0, 1, 1, 0, 1, 2]
'惜': [1, 1, 0, 0, 0, 1, 0, 0, 2]
'産': [1, 2, 1, 1, 1, 2]
'漏': [1, 0, 0, 2, 1, 0, 0, 2]
'要': [0, 0, 1, 0, 1, 3, 2]
'亀': [0, 3, 0, 2, 1, 2]
'観': [0, 1, 2, 0, 1, 2, 2]
'拘': [1, 0, 0, 0, 2, 0, 2, 2]
'抗': [0, 1, 2, 0, 1, 2, 0, 1]
'姿': [3, 0, 1, 1, 2, 2]
'ギ': [1, 0, 0, 0, 2, 0, 2, 0, 1]
'塩': [3, 0, 0, 1, 3, 2]
'節': [1, 1, 0, 0, 0, 1, 0, 0, 0, 2]
'ニ': [1, 0, 0, 0, 3, 2, 2]
'業': [1, 0, 0, 1, 2, 3, 1]
'寧': [0, 1, 1, 3, 2, 2]
'共': [0, 0, 1, 0, 3, 3, 1]
'裕': [1, 1, 0, 2, 0, 3, 1]
'誰': [1, 2, 1, 0, 0, 3, 1]
'界': [0, 3, 1, 1, 2, 2]
'筋': [1, 1, 1, 0, 1, 2, 2]
'輝': [1, 1, 1, 0, 1, 0, 3, 0]
'ェ': [1, 1, 0, 0, 0, 1, 2, 2]
'設': [0, 3, 0, 2, 3, 1]
'拶': [0, 0, 1, 0, 1, 1, 2, 2]
'像': [0, 0, 0, 2, 1, 0, 3, 1]
'ゴ': [3, 0, 0, 3, 3, 0]
'押': [1, 0, 0, 2, 1, 0, 1, 2]
'敵': [0, 3, 0, 1, 0, 3, 1]
'醸': [1, 0, 0, 1, 1, 0, 3, 1]
'門': [1, 2, 1, 1, 3, 1]
'真': [0, 3, 1, 0, 3, 2]
'伝': [0, 0, 1, 0, 1, 1, 0, 1, 2]
'荘': [1, 0, 0, 0, 3, 0, 3, 0]
'調': [1, 0, 0, 0, 2, 0, 1, 3]
'料': [0, 0, 1, 0, 1, 2, 1, 2]
'関': [1, 0, 0, 2, 1, 3, 1]
'篠': [0, 0, 1, 0, 1, 1, 3, 1]
'巻': [1, 2, 1, 2, 1, 2]
'戸': [1, 1, 0, 0, 0, 1, 3, 1]
'《': [1, 2, 1, 2, 2, 1]
'属': [0, 1, 1, 3, 0, 3, 0]
'造': [1, 1, 0, 0, 0, 1, 0, 1, 2]
'浸': [3, 0, 1, 1, 0, 3, 0]
'緑': [0, 0, 2, 3, 0, 0, 0, 2]
'ぷ': [0, 3, 1, 1, 0, 1, 2]
'問': [0, 0, 1, 0, 1, 2, 2, 1]
'案': [0, 3, 0, 3, 3, 0]
'駆': [0, 3, 0, 2, 1, 0, 2]
'ザ': [0, 0, 1, 0, 1, 1, 0, 2, 1]
'間': [0, 0, 0, 2, 1, 1, 0, 3]
'当': [0, 3, 1, 1, 3, 1]
'苦': [0, 1, 2, 0, 3, 3]
'粗': [1, 0, 0, 1, 1, 1, 0, 0, 2]
'売': [0, 3, 0, 1, 1, 3, 0]
'半': [0, 0, 2, 3, 2, 2]
'組': [0, 0, 2, 3, 0, 0, 3]
'載': [1, 1, 0, 0, 0, 1, 0, 3, 0]
'嘆': [1, 0, 0, 1, 3, 3, 0]
'形': [0, 0, 1, 0, 1, 2, 3, 0]
'付': [1, 1, 0, 0, 1, 3, 2]
'デ': [1, 0, 0, 1, 1, 1, 3, 0]
'同': [1, 0, 0, 2, 1, 0, 3, 0]
'艦': [0, 0, 2, 3, 0, 3, 0]
'抱': [0, 0, 2, 3, 0, 0, 2, 0]
'！': [1, 2, 1, 3, 3]
'莫': [0, 1, 2, 0, 1, 1, 3]
'秀': [1, 2, 1, 2, 3, 0]
'藁': [1, 0, 0, 0, 3, 1, 3]
'低': [1, 0, 0, 2, 1, 0, 0, 3]
'導': [1, 0, 0, 1, 1, 0, 1, 0, 2]
'追': [0, 0, 0, 2, 1, 1, 3, 0]
'襟': [0, 0, 1, 0, 1, 3, 3]
'ズ': [0, 3, 0, 2, 1, 3]
'紀': [0, 0, 1, 0, 1, 1, 0, 3, 0]
'態': [1, 0, 0, 1, 1, 1, 0, 3]
'薄': [1, 0, 0, 1, 1, 0, 1, 3]
'験': [0, 0, 1, 0, 1, 3, 0, 2]
'揖': [1, 1, 0, 0, 0, 1, 0, 0, 3]
'届': [0, 3, 1, 1, 0, 0, 3]
'州': [1, 2, 1, 2, 0, 3]
'必': [0, 3, 1, 1, 0, 3, 0]
'幾': [0, 3, 1, 1, 1, 3]
'蒸': [1, 2, 1, 1, 1, 3]
'織': [0, 0, 1, 0, 1, 1, 1, 3]
'眺': [0, 3, 1, 3, 3]
'雰': [1, 0, 0, 0, 2, 0, 2, 3]
'稲': [0, 3, 1, 0, 3, 3]
'正': [0, 0, 1, 0, 3, 3, 2]
'弁': [3, 0, 1, 1, 0, 3, 1]
'冷': [0, 1, 2, 0, 1, 2, 0, 2]
'瓦': [1, 0, 0, 0, 2, 0, 2, 0, 2]
'領': [0, 1, 1, 3, 0, 3, 1]
'好': [1, 0, 0, 1, 2, 3, 2]
'制': [1, 1, 0, 0, 0, 1, 3, 2]
'相': [1, 1, 1, 0, 1, 0, 3, 1]
'ロ': [0, 3, 0, 3, 3, 1]
'終': [0, 3, 0, 1, 1, 3, 1]
'声': [0, 1, 2, 0, 1, 2, 3]
'幕': [1, 1, 0, 2, 0, 3, 2]
'託': [1, 2, 1, 0, 0, 3, 2]
'配': [0, 0, 1, 0, 1, 2, 2, 2]
'帳': [0, 3, 0, 2, 3, 2]
'迎': [0, 0, 0, 2, 1, 0, 3, 2]
'議': [3, 0, 0, 3, 3, 1]
'泊': [0, 3, 0, 1, 0, 3, 2]
'演': [1, 0, 0, 0, 3, 0, 3, 1]
'歌': [1, 1, 0, 0, 0, 1, 0, 3, 1]
'割': [0, 0, 1, 0, 1, 1, 0, 3, 1]
'軽': [1, 0, 0, 1, 1, 0, 3, 2]
'域': [0, 0, 2, 3, 2, 3]
'子': [1, 0, 0, 2, 1, 3, 2]
'渡': [1, 0, 0, 1, 1, 1, 0, 0, 3]
'切': [0, 3, 1, 1, 0, 1, 3]
'長': [1, 2, 1, 1, 3, 2]
'独': [0, 0, 1, 0, 1, 1, 3, 2]
'浮': [1, 0, 0, 1, 1, 1, 3, 1]
'恭': [0, 0, 2, 3, 0, 3, 1]
'抜': [0, 3, 0, 2, 1, 0, 3]
'毛': [0, 3, 1, 1, 3, 2]
'百': [1, 0, 0, 2, 1, 0, 3, 1]
'枠': [1, 0, 0, 1, 1, 0, 1, 0, 3]
'路': [1, 2, 1, 2, 2, 2]
'定': [1, 1, 0, 0, 0, 0, 3, 3]
'詰': [0, 0, 1, 0, 1, 3, 0, 3]
'雄': [1, 2, 1, 2, 3, 1]
'背': [0, 0, 1, 0, 1, 1, 0, 2, 2]
'裂': [0, 0, 0, 2, 1, 1, 3, 1]
'挨': [1, 0, 0, 1, 3, 3, 1]
'変': [0, 0, 0, 2, 1, 1, 1, 3]
'旅': [0, 0, 1, 0, 1, 2, 3, 1]
'昔': [0, 3, 1, 1, 2, 3]
'族': [0, 0, 1, 0, 1, 1, 2, 3]
'天': [1, 1, 0, 0, 0, 1, 0, 1, 3]
'停': [3, 0, 1, 1, 2, 3]
'抑': [1, 0, 0, 0, 3, 2, 3]
'緒': [1, 0, 0, 2, 1, 0, 1, 3]
'短': [0, 0, 2, 3, 0, 0, 0, 3]
'国': [0, 0, 1, 0, 1, 1, 0, 1, 3]
'換': [1, 1, 0, 0, 0, 1, 0, 0, 0, 3]
'階': [1, 1, 0, 0, 1, 3, 3]
'飛': [0, 1, 1, 3, 1, 3, 0]
'聞': [0, 3, 1, 1, 0, 3, 1]
'縦': [0, 0, 2, 3, 0, 0, 2, 1]
'紗': [0, 0, 2, 2, 2, 3, 0]
'珍': [0, 0, 2, 3, 1, 3, 0]
'抵': [1, 1, 1, 0, 1, 1, 3, 0]
'ャ': [3, 0, 0, 1, 3, 3]
'礼': [3, 0, 1, 1, 1, 3, 0]
'昇': [1, 2, 1, 2, 1, 3]
'謙': [0, 0, 1, 0, 1, 2, 0, 3, 0]
'暴': [1, 1, 0, 0, 0, 1, 1, 3, 0]
'返': [1, 1, 0, 0, 0, 1, 2, 3]
'袖': [0, 1, 1, 3, 2, 3]
'類': [3, 0, 1, 3, 3, 0]
'虚': [0, 0, 1, 0, 1, 2, 1, 3]
'善': [0, 0, 1, 0, 3, 3, 3]
'簡': [1, 0, 0, 0, 2, 0, 2, 0, 3]
'遥': [0, 1, 2, 0, 1, 2, 0, 3]
'労': [0, 1, 1, 3, 0, 3, 2]
'彩': [3, 0, 1, 1, 0, 3, 2]
'威': [1, 0, 0, 1, 2, 3, 3]
'構': [1, 1, 1, 0, 1, 0, 3, 2]
'崇': [0, 3, 0, 3, 3, 2]
'念': [0, 0, 2, 3, 1, 3, 1]
'喜': [0, 0, 0, 2, 1, 1, 1, 2, 0, 0]
'聳': [0, 3, 0, 1, 1, 3, 2]
'妻': [3, 0, 1, 1, 1, 3, 1]
'頑': [0, 0, 1, 0, 1, 1, 0, 0, 3, 0, 0]
'ぜ': [3, 0, 0, 3, 3, 2]
'費': [1, 1, 0, 0, 0, 0, 3, 2, 0, 0]
'御': [0, 0, 2, 3, 0, 3, 2]
'千': [1, 0, 0, 0, 3, 0, 3, 2]
'然': [1, 1, 0, 0, 0, 1, 1, 3, 1]
'別': [0, 0, 1, 0, 1, 1, 3, 3]
'プ': [1, 1, 0, 0, 0, 1, 0, 3, 2]
'拝': [3, 0, 1, 3, 3, 1]
'峡': [1, 0, 0, 2, 1, 1, 3, 1]
'疑': [1, 0, 0, 1, 1, 1, 3, 2]
'吟': [1, 2, 1, 2, 3, 2]
'摘': [0, 0, 1, 0, 1, 1, 0, 3, 2]
'開': [1, 0, 0, 2, 1, 0, 3, 2]
'激': [0, 0, 1, 0, 1, 1, 0, 0, 3, 1]
'使': [1, 1, 1, 0, 1, 2, 3, 0]
'泥': [0, 0, 0, 2, 1, 1, 3, 2]
'養': [1, 1, 0, 0, 0, 1, 3, 3]
'蔑': [0, 3, 1, 1, 0, 3, 2]
'扱': [1, 0, 0, 1, 3, 3, 2]
'登': [1, 0, 0, 2, 1, 1, 3, 0, 0]
'褒': [0, 0, 1, 0, 1, 2, 3, 2]
'脇': [1, 1, 1, 0, 1, 1, 3, 1]
'雲': [0, 0, 2, 3, 0, 0, 2, 2]
'消': [0, 1, 1, 3, 1, 3, 1]
'突': [1, 0, 0, 2, 1, 3, 3]
'管': [0, 0, 1, 0, 1, 2, 2, 3]
'機': [1, 2, 1, 2, 2, 3]
'尋': [1, 1, 0, 2, 0, 3, 3]
'応': [0, 0, 1, 0, 1, 1, 0, 2, 3]
'表': [0, 0, 1, 0, 1, 2, 0, 3, 1]
'英': [1, 0, 0, 1, 1, 0, 3, 3]
'墓': [0, 0, 2, 2, 2, 3, 1]
'傘': [1, 2, 1, 1, 3, 3]
'単': [3, 0, 1, 1, 0, 3, 3]
'ふ': [1, 1, 1, 0, 1, 1, 3, 2]
'幅': [0, 0, 0, 2, 1, 1, 1, 2, 0, 1]
'護': [0, 0, 0, 2, 1, 1, 1, 2, 2]
'回': [0, 0, 2, 3, 0, 0, 2, 3]
'五': [0, 0, 1, 0, 1, 1, 0, 3, 3]
'扉': [0, 0, 1, 0, 1, 1, 0, 0, 3, 0, 1]
'誇': [1, 1, 1, 0, 1, 2, 3, 1]
'埋': [1, 1, 0, 0, 0, 0, 3, 2, 0, 1]
'砕': [1, 0, 0, 2, 1, 1, 3, 0, 1]
'識': [1, 0, 0, 2, 1, 0, 3, 3]
'務': [0, 0, 1, 0, 1, 2, 3, 3]
'台': [0, 0, 0, 2, 1, 1, 3, 3]
'湖': [1, 1, 0, 0, 0, 0, 3, 2, 2]
'貌': [0, 1, 1, 3, 1, 3, 2]
'余': [3, 0, 1, 1, 1, 3, 2]
'断': [0, 3, 0, 3, 3, 3]
'探': [0, 1, 1, 3, 0, 3, 3]
'帽': [1, 2, 1, 2, 3, 3]
'東': [0, 0, 2, 3, 0, 3, 3]
'七': [0, 0, 1, 0, 1, 2, 0, 3, 2]
'作': [0, 3, 1, 1, 0, 3, 3]
'角': [1, 0, 0, 1, 1, 1, 3, 3]
'償': [1, 0, 0, 1, 3, 3, 3]
'選': [1, 1, 1, 0, 1, 0, 3, 3]
'撥': [1, 1, 0, 0, 0, 1, 1, 3, 2]
'閉': [0, 3, 0, 1, 1, 3, 3]
'円': [0, 0, 2, 3, 1, 3, 2]
'逃': [3, 0, 1, 3, 3, 2]
'ペ': [1, 2, 1, 0, 0, 3, 3, 0]
'ゼ': [1, 1, 0, 0, 0, 1, 0, 3, 3]
'受': [0, 0, 2, 2, 2, 3, 2]
'測': [0, 0, 0, 2, 1, 0, 3, 3, 0]
'折': [0, 0, 0, 2, 1, 1, 1, 2, 1, 0]
'貶': [1, 0, 0, 0, 3, 0, 3, 3]
'丁': [1, 1, 1, 0, 1, 1, 3, 3]
'服': [0, 0, 0, 2, 1, 1, 1, 2, 0, 2]
'秘': [0, 0, 1, 0, 1, 1, 0, 0, 3, 2, 0]
'改': [1, 2, 1, 0, 0, 3, 3, 1]
'経': [3, 0, 1, 1, 1, 3, 3]
'眉': [0, 3, 1, 1, 3, 3, 0, 0]
'胆': [1, 1, 0, 0, 0, 0, 3, 2, 0, 2]
'充': [3, 0, 0, 3, 3, 3, 0]
'戦': [1, 0, 0, 2, 1, 1, 3, 0, 2]
'潮': [0, 0, 0, 2, 1, 1, 1, 2, 3]
'己': [0, 0, 0, 2, 1, 0, 3, 3, 1]
'拭': [1, 0, 0, 2, 1, 1, 3, 2, 0]
'的': [1, 1, 0, 0, 0, 0, 3, 2, 1, 1]
'侮': [1, 1, 0, 0, 0, 1, 1, 3, 3]
'歴': [1, 1, 0, 0, 0, 0, 3, 2, 1, 0, 0]
'沢': [0, 3, 1, 1, 3, 3, 1]
'霧': [0, 0, 2, 2, 2, 3, 3]
'徴': [0, 3, 0, 2, 3, 3, 1]
'毎': [0, 0, 1, 0, 1, 1, 0, 0, 3, 0, 2]
'連': [1, 2, 1, 0, 0, 3, 3, 2]
'去': [0, 0, 1, 0, 1, 1, 0, 0, 3, 2, 1]
'煉': [0, 0, 1, 0, 1, 1, 0, 0, 3, 0, 3]
'急': [1, 1, 0, 0, 0, 0, 3, 2, 3, 0]
'跡': [3, 0, 0, 3, 3, 3, 1]
'束': [0, 0, 0, 2, 1, 1, 1, 2, 1, 1, 0]
'性': [0, 3, 0, 2, 3, 3, 0, 1]
'攻': [0, 0, 0, 2, 1, 0, 3, 3, 2]
'郭': [1, 2, 1, 0, 0, 3, 3, 3]
'セ': [1, 1, 0, 0, 0, 0, 3, 2, 3, 1]
'描': [3, 0, 1, 3, 3, 3, 0, 0]
'想': [1, 1, 0, 0, 0, 0, 3, 2, 0, 3, 0]
'理': [0, 0, 0, 2, 1, 1, 1, 2, 1, 1, 1]
'値': [1, 1, 0, 0, 0, 0, 3, 2, 0, 3, 1]
time elapsed: 2.7797ms
