best pre-ilp found cost: 8.292549705046975
avg cost: 7.9958488092636575, cost: 36597
lengths: [5, 5, 5, 5, 6, 6, 6, 6, 6, 6, 6, 6, 6, 6, 6, 6, 6, 6, 7, 7, 7, 7, 7, 7, 7, 7, 7, 7, 7, 8, 8, 8, 8, 8, 8, 8, 8, 8, 8, 8, 8, 8, 8, 8, 8, 8, 8, 8, 8, 9, 9, 9, 9, 9, 9, 9, 9, 9, 9, 9, 9, 9, 9, 9, 9, 9, 9, 9, 9, 9, 9, 9, 9, 9, 9, 9, 9, 9, 10, 10, 10, 10, 10, 10, 10, 10, 10, 10, 10, 10, 10, 10, 10, 10, 10, 10, 10, 10, 10, 10, 10, 10, 10, 10, 10, 10, 10, 10, 10, 10, 10, 10, 10, 10, 10, 10, 10, 10, 10, 10, 10, 10, 10, 10, 10, 10, 10, 10, 10, 10, 10, 10, 10, 10, 10, 10, 10, 10, 10, 10, 10, 10, 10, 10, 10, 10, 10, 10, 11, 11, 11, 11, 11, 11, 11, 11, 11, 11, 11, 11, 11, 11, 11, 11, 11, 11, 11, 11, 11, 11, 11, 11, 11, 11, 11, 11, 11, 11, 11, 11, 11, 11, 11, 11, 11, 11, 11, 11, 11, 11, 11, 11, 11, 11, 11, 11, 11, 11, 11, 11, 11, 11, 11, 11, 11, 11, 11, 11, 11, 11, 11, 11, 11, 11, 11, 11, 11, 11, 11, 11, 11, 11, 11, 11, 11, 11, 11, 11, 11, 11, 11, 11, 11, 11, 11, 11, 11, 11, 11, 11, 11, 11, 11, 11, 11, 11, 12, 12, 12, 12, 12, 12, 12, 12, 12, 12, 12, 12, 12, 12, 12, 12, 12, 12, 12, 12, 12, 12, 12, 12, 12, 12, 12, 12, 12, 12, 12, 12, 12, 12, 12, 12, 12, 12, 12, 12, 12, 12, 12, 12, 12, 12, 12, 12, 12, 12, 12, 12, 12, 12, 12, 12, 12, 12, 12, 12, 12, 12, 12, 12, 12, 12, 12, 12, 12, 12, 12, 12, 12, 12, 12, 12, 12, 12, 12, 12, 12, 12, 12, 12, 12, 12, 12, 12, 12, 12, 12, 12, 12, 12, 12, 12, 12, 12, 12, 12, 12, 12, 12, 12, 12, 12, 12, 12, 12, 12, 12, 12, 12, 12, 12, 12, 12, 12, 12, 12, 12, 12, 12, 12, 12, 12, 12, 12, 12, 12, 12, 12, 12, 12, 12, 12, 12, 12, 12, 12, 12, 12, 12, 12, 12, 12, 12, 12, 12, 12, 12, 12, 12, 12, 12, 12, 12, 12, 12, 12, 12, 12, 12, 12, 12, 12, 12, 12, 12, 12, 12, 12, 12, 12, 12, 12, 12, 12, 12, 12, 12, 13, 13, 13, 13, 13, 13, 13, 13, 13, 13, 13, 13, 13, 13, 13, 13, 13, 13, 13, 13, 13, 13, 13, 13, 13, 13, 13, 13, 13, 13, 13, 13, 13, 13, 13, 13, 13, 13, 13, 13, 13, 13, 13, 13, 13, 13, 13, 13, 13, 13, 13, 13, 13, 13, 13, 13, 13, 13, 13, 13, 13, 13, 13, 13, 13, 13, 13, 13, 13, 13, 13, 13, 13, 13, 13, 13, 13, 13, 13, 13, 13, 13, 13, 13, 13, 13, 13, 13, 13, 13, 13, 13, 13, 13, 13, 13, 13, 13, 13, 13, 13, 13, 13, 13, 13, 13, 13, 13, 13, 13, 13, 13, 13, 13, 13, 13, 13, 13, 13, 13, 13, 13, 13, 13, 13, 13, 13, 13, 13, 13, 13, 13, 13, 13, 13, 13, 13, 13, 13, 13, 13, 13, 13, 13, 13, 13, 13, 13, 14, 14, 14, 14, 14, 14, 14, 14, 14, 14, 14, 14, 14, 14, 14, 14, 14, 14, 14, 14, 14, 14, 14, 14, 14, 14, 14, 14, 14, 14, 14, 14, 14, 14, 14, 14, 14, 14, 14, 14, 14, 14, 14, 14, 14, 14, 14, 14, 14, 14, 14, 14, 14, 14, 14, 14, 14, 14, 14, 14, 14, 14, 14, 14, 14, 14, 14, 14, 14, 14, 14, 14, 14, 14, 14, 14, 14, 14, 14, 14, 14, 14, 14, 14, 14, 14, 14, 14, 14, 14, 14, 14, 14, 14, 14, 14, 14, 14, 14]
'の': [2, 1]
'た': [2, 0, 0]
'に': [0, 0, 1, 0]
'い': [0, 0, 2]
'し': [2, 2]
'と': [2, 0, 1]
'を': [1, 1, 0, 0]
'て': [0, 1, 0, 0, 0]
'は': [1, 3]
'、': [0, 1, 1, 0]
'な': [0, 2, 1]
'。': [1, 0, 0, 1]
'が': [1, 0, 0, 0, 0]
'る': [0, 0, 3]
'こ': [0, 0, 0, 1, 0]
'で': [0, 0, 0, 2]
'か': [0, 3, 0]
'っ': [1, 1, 1]
'ら': [0, 0, 0, 3]
'う': [1, 1, 0, 1]
'れ': [2, 0, 2]
'す': [1, 2, 1]
'り': [0, 1, 1, 1]
'ー': [1, 0, 0, 0, 1]
'き': [0, 2, 2]
'ま': [1, 0, 1, 1]
'そ': [0, 1, 3]
'ン': [0, 0, 0, 1, 1]
'く': [1, 0, 0, 2]
'よ': [1, 1, 3]
'だ': [1, 1, 0, 2]
'あ': [1, 2, 0, 1]
'さ': [0, 0, 0, 0, 0, 1, 0]
'も': [3, 3]
'わ': [3, 2, 0]
'　': [0, 1, 1, 2]
'・': [2, 0, 3]
' ': [0, 0, 1, 2, 0]
'お': [1, 0, 0, 3]
'「': [0, 0, 0, 0, 0, 0, 0, 0]
'け': [0, 2, 3]
'」': [0, 0, 0, 0, 0, 2]
'ル': [1, 0, 0, 0, 2]
'え': [1, 0, 3, 0]
'ち': [1, 0, 1, 2]
'ん': [0, 0, 1, 3]
'つ': [0, 1, 0, 3]
'ラ': [0, 0, 0, 0, 1, 0, 0]
'ス': [0, 0, 0, 1, 2]
'人': [0, 0, 0, 0, 1, 2]
'ト': [0, 0, 0, 0, 0, 1, 1]
'イ': [1, 0, 1, 3]
'カ': [3, 2, 1]
'見': [0, 0, 0, 0, 0, 3]
'レ': [0, 0, 1, 2, 1]
'ウ': [1, 2, 0, 2]
'ジ': [0, 0, 0, 0, 0, 0, 0, 1]
'や': [1, 0, 3, 1]
'ど': [1, 0, 2, 0, 0, 0]
'大': [1, 0, 1, 0, 0, 0, 0]
'彼': [0, 1, 2, 0, 1]
'聖': [0, 2, 0, 0, 1, 0]
'め': [0, 0, 0, 0, 1, 0, 1]
'者': [1, 0, 0, 0, 3]
'エ': [0, 1, 0, 0, 3]
'上': [0, 0, 0, 0, 2, 0, 0]
'せ': [0, 1, 0, 2, 1]
'ア': [0, 1, 2, 1, 0]
'思': [0, 0, 0, 0, 3, 0]
'フ': [3, 0, 3]
'出': [3, 1, 0, 1]
'車': [0, 1, 0, 1, 0, 0, 0]
'堂': [0, 0, 1, 1, 0, 1]
'ば': [3, 0, 1, 0, 0]
'建': [0, 0, 1, 1, 2]
'サ': [1, 2, 3]
'タ': [3, 0, 0, 0, 1]
'み': [0, 1, 0, 0, 1, 0, 0]
'海': [0, 0, 0, 0, 0, 1, 2]
'チ': [0, 1, 0, 1, 3]
'言': [1, 0, 1, 0, 0, 0, 1]
'中': [1, 2, 0, 3]
'物': [0, 0, 0, 0, 1, 1, 0, 0]
'む': [3, 0, 1, 2]
'道': [0, 1, 0, 0, 2, 0, 0]
'ョ': [3, 2, 2]
'事': [0, 0, 1, 2, 2]
'手': [1, 1, 2, 1, 0]
'べ': [0, 3, 1, 0, 0, 0]
'げ': [0, 0, 1, 1, 3]
'口': [1, 0, 1, 0, 1, 0, 0]
'会': [0, 0, 0, 0, 0, 0, 0, 2]
'ク': [0, 1, 2, 0, 2]
'一': [0, 1, 0, 1, 0, 2]
'地': [0, 0, 0, 0, 0, 0, 1, 0, 0]
'び': [0, 1, 0, 0, 1, 2]
'築': [0, 2, 0, 1, 1, 0]
'ろ': [0, 1, 2, 3]
'入': [0, 2, 0, 3, 0]
'乗': [1, 0, 3, 2]
'通': [1, 0, 2, 0, 0, 1]
'立': [1, 0, 2, 1, 0, 0]
'主': [0, 2, 0, 0, 1, 1]
'司': [2, 3, 1, 0]
'ほ': [0, 0, 0, 0, 1, 0, 2]
'オ': [0, 0, 0, 0, 2, 2]
'マ': [0, 0, 0, 0, 2, 0, 1]
'ょ': [0, 1, 2, 1, 1]
'部': [3, 0, 0, 2, 0]
'水': [3, 1, 1, 0, 0]
'任': [0, 1, 0, 2, 2]
'ね': [0, 0, 0, 0, 3, 1]
'雨': [0, 2, 0, 0, 0, 0, 0, 0]
'合': [3, 1, 3]
'家': [0, 1, 0, 1, 0, 0, 1]
'川': [1, 1, 0, 3, 0]
'祭': [0, 0, 1, 1, 0, 2]
'場': [3, 0, 1, 0, 1]
'ァ': [3, 1, 0, 2]
'自': [1, 2, 0, 0, 1, 0]
'ド': [0, 1, 0, 1, 1, 1]
'員': [0, 1, 2, 0, 0, 0, 0]
'分': [3, 0, 0, 0, 2]
'ぶ': [0, 1, 0, 0, 1, 0, 1]
'決': [0, 1, 0, 1, 1, 0, 0]
'気': [0, 1, 2, 0, 0, 1]
'―': [3, 0, 0, 3]
'馬': [1, 2, 0, 0, 2]
'奏': [0, 2, 0, 0, 0, 0, 1]
'降': [3, 1, 1, 1]
'利': [2, 3, 2]
'行': [1, 0, 2, 1, 1]
'港': [1, 0, 1, 0, 1, 1]
'送': [0, 2, 0, 1, 2]
'目': [0, 1, 0, 0, 2, 1]
'不': [0, 0, 0, 0, 0, 0, 1, 1]
'ご': [1, 1, 2, 2]
'駅': [0, 3, 1, 0, 1]
'線': [0, 0, 0, 0, 1, 1, 1]
'ぎ': [0, 3, 1, 2]
'ッ': [3, 0, 0, 1, 1]
'友': [1, 1, 2, 0, 1]
'取': [1, 0, 2, 0, 1, 0]
'重': [1, 0, 1, 0, 0, 1, 0]
'明': [0, 2, 0, 1, 0, 1]
'内': [0, 0, 0, 0, 2, 1, 0]
'後': [0, 1, 0, 2, 0, 0, 0]
'ざ': [0, 2, 0, 0, 2, 0]
'前': [0, 0, 0, 0, 1, 1, 0, 1]
'市': [0, 1, 0, 0, 1, 3]
'差': [0, 0, 0, 0, 2, 0, 2]
'外': [0, 0, 1, 1, 1, 2]
'ワ': [0, 1, 0, 0, 2, 0, 1]
'若': [0, 3, 1, 0, 0, 1]
'意': [0, 2, 0, 0, 0, 3]
'方': [1, 1, 2, 1, 1]
'年': [1, 0, 2, 0, 1, 1]
'教': [0, 1, 0, 2, 0, 0, 1]
'運': [1, 0, 3, 3]
'鉄': [1, 0, 1, 0, 1, 0, 1]
'医': [1, 0, 1, 0, 0, 0, 2]
'リ': [0, 0, 0, 0, 0, 0, 1, 0, 1]
'陸': [0, 0, 0, 0, 0, 0, 0, 3]
'交': [0, 0, 0, 0, 2, 1, 1]
'ミ': [3, 1, 0, 0, 0, 1]
'ノ': [0, 1, 0, 1, 0, 3]
'ぐ': [0, 2, 0, 1, 1, 1]
'広': [3, 2, 3]
'安': [0, 2, 0, 3, 1]
'介': [3, 0, 0, 1, 0, 0, 0]
'ぼ': [1, 0, 2, 0, 0, 2]
'振': [1, 0, 2, 1, 0, 1]
'着': [0, 2, 0, 0, 1, 2]
'用': [0, 0, 1, 1, 0, 0, 0, 1]
'側': [2, 3, 1, 1]
'式': [0, 0, 1, 2, 3]
'塔': [3, 1, 1, 0, 1]
'屋': [3, 0, 1, 3]
'ひ': [3, 0, 0, 2, 1]
'紹': [3, 0, 1, 0, 2]
'実': [0, 2, 0, 2, 2]
'ガ': [1, 0, 1, 0, 0, 3]
'過': [0, 2, 0, 0, 0, 0, 0, 1]
'素': [0, 3, 2, 0, 1]
'防': [1, 1, 0, 3, 1]
'四': [0, 0, 0, 0, 3, 2]
'得': [1, 2, 0, 0, 1, 1]
'数': [0, 1, 0, 1, 0, 1, 1]
'身': [0, 1, 2, 0, 0, 0, 1]
'敷': [1, 1, 2, 0, 0, 0, 0]
'眠': [0, 1, 0, 0, 1, 0, 2]
'散': [0, 1, 0, 1, 1, 0, 1]
'ゃ': [3, 1, 2, 1]
'到': [0, 3, 1, 1, 0, 0]
'越': [0, 1, 2, 1, 2]
'少': [0, 0, 0, 1, 3, 0, 0]
'示': [1, 0, 1, 0, 0, 2, 0]
'北': [0, 1, 2, 0, 0, 2]
'船': [0, 1, 0, 1, 1, 2]
'走': [3, 1, 0, 3]
'音': [3, 0, 2, 2]
'ず': [1, 0, 1, 0, 3, 0]
'復': [0, 2, 0, 0, 0, 0, 2]
'無': [3, 1, 1, 2]
'指': [1, 0, 2, 3, 0]
'廊': [0, 0, 0, 0, 0, 0, 2, 0, 0]
'説': [1, 0, 2, 0, 2, 0]
'晴': [0, 0, 0, 0, 0, 0, 3, 0]
'空': [0, 1, 0, 1, 0, 0, 2]
'ダ': [1, 0, 2, 1, 2]
'他': [0, 2, 0, 1, 0, 0, 0, 0]
'河': [0, 1, 0, 0, 1, 1, 1]
'生': [0, 3, 3, 0, 0]
'古': [0, 1, 0, 2, 0, 1, 0]
'石': [0, 3, 2, 1, 0]
'商': [1, 0, 1, 0, 1, 2]
'荷': [0, 0, 0, 0, 1, 0, 3]
'草': [0, 0, 0, 0, 0, 0, 1, 2]
'撃': [0, 2, 0, 0, 0, 1, 1]
'民': [2, 3, 0, 0, 0, 0]
'南': [0, 0, 1, 1, 0, 0, 1, 0]
'仕': [0, 1, 2, 0, 3]
'じ': [0, 0, 1, 1, 1, 0, 0, 0]
'々': [1, 0, 1, 0, 2, 0, 0]
'巨': [0, 1, 0, 0, 2, 2]
'味': [0, 2, 0, 1, 3]
'堤': [0, 3, 1, 0, 2]
'代': [1, 2, 2, 2]
'足': [1, 0, 2, 2, 0, 0]
'助': [0, 3, 1, 3]
'特': [3, 1, 0, 0, 1, 0]
'小': [0, 2, 0, 0, 0, 1, 0, 0]
'格': [0, 2, 0, 2, 0, 0, 0]
'量': [0, 0, 0, 0, 1, 1, 2]
'名': [1, 1, 2, 3]
'ぞ': [0, 1, 1, 3, 1]
'話': [1, 1, 2, 0, 2]
'町': [1, 2, 0, 0, 0, 0, 0, 0]
'牧': [1, 0, 1, 0, 0, 1, 1]
'考': [0, 3, 2, 2]
'保': [0, 1, 0, 2, 3]
'舞': [1, 2, 2, 1, 0]
'歩': [0, 1, 1, 3, 0, 0]
'パ': [3, 0, 0, 1, 2]
'づ': [2, 3, 3]
'修': [0, 2, 0, 1, 0, 2]
'頭': [0, 0, 0, 0, 1, 1, 0, 2]
'隻': [3, 0, 0, 0, 0, 3]
'儀': [0, 2, 0, 0, 0, 1, 2]
'心': [0, 2, 0, 1, 0, 3]
'職': [0, 0, 0, 0, 2, 1, 2]
'参': [0, 1, 0, 0, 2, 0, 2]
'美': [1, 2, 0, 0, 0, 0, 0, 1]
'グ': [0, 3, 1, 0, 0, 2]
'役': [1, 0, 1, 0, 0, 1, 2]
'注': [1, 0, 2, 0, 0, 3]
'流': [1, 0, 2, 0, 1, 2]
'細': [0, 3, 1, 1, 0, 1]
'全': [0, 0, 0, 1, 3, 0, 1]
'積': [1, 1, 2, 1, 2]
'社': [1, 1, 2, 0, 0, 0, 1]
'支': [0, 0, 0, 0, 2, 0, 3]
'街': [1, 0, 1, 0, 1, 0, 2]
'ヴ': [0, 1, 0, 2, 0, 0, 2]
'波': [1, 0, 1, 0, 0, 0, 3]
'風': [0, 0, 0, 0, 0, 0, 1, 0, 2]
'ォ': [0, 2, 0, 1, 1, 2]
'輪': [0, 1, 0, 2, 0, 3]
'床': [1, 0, 1, 0, 0, 2, 1]
'時': [0, 3, 1, 1, 1, 0]
'境': [1, 0, 1, 0, 3, 1]
'望': [1, 0, 2, 0, 3, 0]
'ゆ': [3, 0, 0, 1, 0, 1, 0]
'動': [1, 1, 2, 0, 0, 1, 0]
'買': [2, 3, 0, 3]
'達': [0, 2, 0, 3, 2]
'等': [0, 0, 0, 0, 2, 3, 0]
'ポ': [0, 2, 0, 1, 0, 0, 1, 0]
'頷': [0, 2, 0, 0, 2, 2]
'窓': [0, 0, 0, 1, 3, 1, 0]
'老': [1, 0, 2, 1, 0, 2]
'委': [3, 1, 0, 0, 0, 2]
'匂': [1, 0, 2, 0, 2, 1]
'世': [0, 0, 1, 1, 0, 0, 3]
'集': [0, 0, 0, 0, 0, 0, 2, 1, 0]
'羊': [3, 0, 0, 0, 0, 0, 2]
'負': [2, 3, 1, 2]
'区': [0, 1, 2, 2, 2]
'覆': [1, 1, 2, 0, 3]
'由': [0, 1, 0, 2, 0, 2, 0]
'様': [0, 0, 0, 0, 0, 0, 2, 0, 1]
'面': [3, 1, 1, 0, 2]
'直': [0, 3, 3, 1, 0]
'工': [2, 3, 0, 0, 1, 0]
'有': [3, 0, 1, 1, 2]
'横': [3, 0, 0, 2, 2]
'キ': [0, 0, 0, 0, 0, 0, 1, 3]
'暗': [1, 0, 1, 0, 2, 1, 0]
'治': [0, 0, 1, 1, 0, 0, 2, 0]
'楽': [0, 2, 0, 0, 0, 0, 0, 2]
'岸': [0, 2, 0, 1, 0, 0, 0, 1]
'日': [2, 3, 0, 1, 0, 0]
'隊': [0, 0, 1, 1, 1, 0, 1, 0]
'丈': [3, 1, 0, 0, 0, 0, 0, 0]
'図': [0, 3, 2, 0, 2]
'度': [1, 1, 0, 3, 2]
'進': [0, 1, 0, 1, 0, 1, 2]
'ベ': [3, 1, 2, 2]
'寄': [1, 0, 2, 2, 1, 0]
'山': [1, 2, 0, 0, 1, 2]
'便': [3, 1, 0, 0, 2, 0]
'根': [0, 0, 1, 1, 0, 0, 0, 0, 0, 0]
'ぬ': [0, 1, 2, 0, 0, 0, 2]
'信': [0, 1, 0, 0, 2, 3]
'券': [0, 1, 2, 2, 0, 0, 0]
'午': [1, 0, 2, 1, 3]
'何': [0, 1, 0, 2, 0, 1, 1]
'二': [0, 2, 0, 2, 0, 1, 0]
'持': [0, 1, 0, 1, 2, 2]
'以': [0, 1, 0, 1, 1, 0, 2]
'権': [0, 3, 1, 0, 3]
'三': [0, 1, 0, 0, 1, 1, 2]
'ム': [0, 0, 1, 1, 1, 1, 0, 0]
'元': [1, 2, 0, 0, 0, 0, 1, 0]
'放': [0, 0, 1, 1, 0, 0, 1, 1]
'シ': [3, 0, 1, 1, 0, 0, 0]
'尊': [3, 0, 0, 1, 0, 0, 1]
'套': [0, 2, 0, 2, 1, 0, 0]
'対': [0, 0, 1, 1, 1, 0, 0, 1]
'知': [0, 3, 2, 0, 0, 0, 0]
'今': [3, 0, 2, 0, 1, 0]
'十': [0, 3, 2, 3]
'感': [1, 0, 2, 2, 0, 1]
'伸': [3, 0, 0, 0, 0, 2, 0]
'ホ': [1, 2, 2, 3]
'下': [1, 0, 2, 3, 1]
'団': [0, 0, 0, 0, 1, 3, 0, 0]
'能': [3, 1, 0, 0, 3]
'所': [0, 3, 3, 0, 1]
'多': [3, 0, 0, 0, 0, 0, 1, 0]
'深': [1, 2, 0, 0, 0, 1, 0, 0]
'ピ': [0, 2, 0, 2, 0, 0, 1]
'神': [0, 1, 0, 1, 2, 0, 0, 0]
'ブ': [2, 3, 0, 0, 0, 1]
'テ': [0, 2, 0, 0, 1, 3]
'厳': [3, 0, 2, 3]
'汽': [0, 1, 1, 3, 2]
'砂': [0, 0, 0, 0, 0, 1, 3, 0]
'呼': [1, 0, 1, 0, 2, 0, 1]
'都': [1, 2, 2, 0, 0, 0, 0]
'濡': [0, 1, 0, 1, 2, 1, 0]
'袖': [0, 1, 1, 3, 0, 1]
'角': [0, 0, 1, 1, 1, 3]
'制': [1, 2, 0, 0, 0, 2, 0]
'階': [0, 0, 0, 0, 0, 0, 3, 1]
'粗': [1, 2, 2, 1, 1]
'議': [0, 1, 0, 1, 0, 1, 0, 0, 0]
'ゼ': [0, 2, 0, 2, 3]
'閉': [3, 1, 0, 0, 1, 1]
'ぷ': [0, 2, 0, 0, 0, 2, 0, 0]
'誇': [1, 2, 2, 0, 1, 0]
'被': [0, 2, 0, 0, 3, 1]
'戸': [1, 0, 2, 2, 2]
'縦': [3, 0, 0, 0, 3, 0]
'》': [0, 3, 2, 1, 1]
'沢': [0, 0, 1, 1, 0, 0, 0, 2]
'理': [3, 1, 2, 0, 0, 0]
'敵': [1, 2, 0, 0, 0, 3]
'裂': [3, 0, 2, 1, 0, 0]
'謙': [3, 0, 0, 0, 0, 1, 1]
'喜': [3, 0, 1, 1, 1, 0]
'払': [3, 1, 1, 3]
'円': [0, 0, 0, 0, 1, 1, 3]
'蒸': [0, 0, 1, 1, 0, 3, 0]
'史': [0, 2, 0, 0, 0, 1, 0, 1]
'岩': [0, 0, 1, 1, 1, 0, 2]
'域': [0, 1, 0, 0, 1, 1, 0, 0, 0]
'埋': [0, 1, 0, 0, 1, 1, 0, 1]
'登': [0, 2, 0, 2, 0, 2]
'申': [3, 1, 2, 0, 1]
'終': [2, 3, 0, 2, 0]
'徴': [3, 0, 2, 0, 0, 1]
'押': [3, 0, 0, 0, 0, 0, 0, 0, 0]
'短': [3, 0, 2, 1, 1]
'侮': [0, 1, 2, 2, 1, 0]
'逃': [3, 0, 0, 0, 0, 0, 0, 1]
'共': [0, 2, 0, 0, 0, 2, 1]
'ニ': [1, 2, 0, 0, 3, 0]
'亀': [0, 1, 2, 1, 3]
'珍': [3, 0, 2, 0, 0, 0, 0]
'体': [3, 0, 0, 0, 0, 1, 0, 0]
'筋': [3, 0, 0, 1, 3]
'演': [0, 2, 0, 0, 2, 1, 0]
'五': [1, 0, 1, 0, 2, 2]
'束': [0, 2, 0, 0, 3, 0, 0]
'善': [1, 2, 2, 0, 2]
'扱': [0, 1, 0, 1, 0, 1, 0, 1]
'暴': [1, 2, 2, 0, 0, 1]
'鄙': [0, 1, 0, 1, 2, 0, 1]
'往': [1, 2, 0, 0, 0, 1, 1]
'浮': [0, 0, 0, 0, 1, 3, 1]
'跡': [0, 3, 2, 0, 0, 1]
'郭': [3, 0, 2, 0, 2]
'残': [0, 2, 0, 2, 1, 1]
'費': [1, 0, 1, 0, 1, 3]
'抗': [3, 0, 1, 1, 0, 1]
'族': [0, 0, 1, 1, 1, 1, 1]
'測': [1, 2, 0, 0, 0, 0, 2]
'作': [0, 1, 2, 2, 0, 1]
'抑': [0, 0, 1, 1, 0, 0, 0, 0, 1]
'誰': [3, 1, 0, 0, 0, 0, 1]
'伝': [2, 3, 0, 1, 1]
'ペ': [0, 1, 0, 0, 1, 0, 3]
'撥': [2, 3, 0, 0, 2]
'秀': [0, 1, 2, 0, 0, 3]
'完': [0, 3, 3, 2]
'緑': [0, 2, 0, 1, 0, 0, 2]
'肩': [0, 2, 0, 0, 0, 0, 3]
'性': [0, 0, 0, 0, 3, 3]
'礼': [0, 0, 0, 0, 0, 0, 2, 2]
'託': [3, 0, 0, 1, 0, 2]
'断': [0, 0, 0, 1, 3, 2]
'切': [1, 1, 2, 0, 0, 2]
'選': [0, 1, 0, 1, 1, 3]
'表': [3, 0, 1, 0, 3]
'惜': [0, 3, 1, 1, 2]
'受': [0, 1, 0, 1, 0, 0, 3]
'簡': [1, 0, 2, 0, 1, 3]
'揖': [0, 2, 0, 0, 0, 0, 0, 3]
'必': [1, 1, 2, 0, 0, 0, 2]
'独': [1, 1, 0, 3, 3]
'雄': [0, 2, 0, 1, 0, 0, 0, 2]
'百': [1, 0, 1, 0, 0, 1, 3]
'服': [0, 3, 1, 1, 3]
'高': [1, 0, 1, 0, 0, 2, 2]
'塩': [3, 1, 1, 0, 3]
'院': [0, 3, 1, 1, 1, 1]
'急': [1, 0, 2, 0, 3, 1]
'定': [3, 0, 0, 1, 0, 0, 2]
'類': [0, 0, 0, 0, 1, 1, 0, 3]
'単': [0, 3, 1, 1, 0, 2]
'連': [1, 0, 2, 3, 2]
'歴': [1, 1, 2, 0, 0, 1, 1]
'《': [0, 0, 0, 1, 3, 0, 2]
'毛': [1, 0, 1, 0, 3, 2]
'養': [0, 0, 0, 1, 3, 1, 1]
'東': [0, 0, 0, 0, 2, 3, 1]
'耐': [0, 2, 0, 1, 0, 0, 3]
'峡': [0, 2, 0, 2, 0, 3]
'織': [1, 1, 2, 1, 3]
'付': [3, 0, 0, 1, 0, 1, 1]
'界': [0, 3, 1, 0, 0, 3]
'間': [0, 3, 3, 1, 1]
'帳': [3, 1, 0, 0, 0, 0, 0, 1]
'艦': [0, 0, 0, 0, 0, 0, 2, 1, 1]
'割': [1, 1, 2, 0, 0, 3]
'薄': [0, 1, 0, 0, 2, 0, 3]
'観': [0, 2, 0, 1, 0, 0, 1, 1]
'拭': [0, 1, 0, 2, 0, 2, 1]
'抱': [3, 0, 0, 0, 0, 0, 3]
'業': [0, 0, 1, 1, 1, 0, 3]
'瓦': [0, 0, 0, 0, 0, 0, 2, 0, 2]
'莫': [2, 3, 0, 0, 1, 1]
'客': [0, 0, 1, 1, 0, 0, 2, 1]
'ロ': [1, 0, 2, 0, 2, 2]
'貶': [0, 0, 0, 0, 0, 0, 2, 3]
'逆': [2, 3, 0, 0, 3]
'労': [1, 0, 1, 0, 2, 1, 1]
'調': [1, 2, 0, 0, 1, 3]
'裕': [2, 3, 1, 3]
'戦': [2, 3, 0, 1, 0, 1]
'台': [1, 2, 0, 0, 0, 0, 0, 2]
'変': [0, 3, 3, 0, 2]
'沛': [0, 0, 1, 1, 1, 0, 1, 1]
'声': [0, 1, 0, 2, 0, 0, 3]
'子': [0, 0, 0, 1, 3, 3]
'開': [3, 0, 0, 2, 3]
'的': [1, 0, 2, 2, 3]
'潮': [1, 0, 2, 2, 1, 1]
'忘': [0, 1, 2, 0, 0, 0, 3]
'造': [3, 0, 0, 1, 0, 3]
'経': [3, 1, 0, 0, 2, 1]
'泊': [0, 1, 0, 2, 0, 1, 2]
'ゴ': [0, 0, 1, 1, 0, 0, 0, 0, 0, 1]
'傘': [0, 1, 0, 1, 1, 0, 3]
'己': [0, 0, 1, 1, 1, 1, 0, 1]
'回': [0, 0, 0, 0, 2, 1, 3]
'産': [1, 0, 1, 0, 2, 3]
'漏': [0, 1, 2, 2, 0, 0, 1]
'飛': [3, 1, 2, 3]
'料': [0, 2, 0, 2, 0, 1, 1]
'貿': [1, 2, 0, 0, 0, 0, 1, 1]
'胆': [0, 2, 0, 1, 1, 3]
'値': [1, 0, 1, 0, 2, 0, 2]
'英': [3, 0, 1, 1, 0, 0, 1]
'遥': [0, 2, 0, 2, 1, 0, 1]
'席': [0, 1, 1, 3, 3]
'印': [0, 0, 1, 1, 0, 0, 1, 2]
'へ': [1, 2, 0, 0, 0, 0, 3]
'換': [1, 0, 1, 0, 1, 0, 3]
'務': [0, 0, 0, 0, 0, 0, 3, 2]
'拝': [0, 3, 2, 0, 0, 0, 1]
'諺': [0, 0, 1, 1, 1, 0, 0, 2]
'去': [3, 0, 2, 0, 1, 1]
'国': [0, 3, 2, 1, 2]
'篠': [3, 0, 0, 0, 0, 2, 1]
'渡': [1, 0, 2, 2, 0, 2]
'答': [0, 0, 0, 0, 1, 3, 0, 1]
'軽': [0, 3, 3, 3]
'妻': [1, 2, 0, 0, 0, 1, 0, 1]
'管': [0, 0, 0, 0, 0, 0, 1, 0, 3]
'幾': [3, 1, 0, 0, 1, 2]
'秘': [3, 0, 0, 0, 0, 0, 1, 1]
'問': [0, 2, 0, 3, 3]
'紀': [0, 1, 0, 1, 2, 0, 0, 1]
'御': [0, 2, 0, 2, 0, 0, 2]
'枠': [2, 3, 0, 0, 0, 2]
'応': [0, 0, 0, 0, 0, 1, 3, 1]
'同': [0, 2, 0, 0, 0, 1, 0, 2]
'構': [0, 1, 1, 3, 0, 2]
'追': [1, 0, 2, 1, 0, 3]
'低': [0, 1, 0, 1, 2, 1, 1]
'貌': [0, 1, 0, 0, 1, 1, 3]
'攻': [1, 2, 0, 0, 0, 2, 1]
'拘': [1, 2, 2, 0, 0, 0, 1]
'態': [0, 1, 0, 1, 0, 1, 3]
'毎': [0, 1, 0, 1, 0, 1, 0, 0, 1]
'姿': [1, 2, 2, 1, 2]
'詰': [3, 0, 2, 0, 0, 2]
'刻': [0, 2, 0, 0, 0, 2, 0, 1]
'然': [3, 0, 0, 0, 0, 0, 0, 2]
'ぜ': [0, 2, 0, 0, 3, 2]
'威': [3, 0, 0, 0, 3, 1]
'摘': [3, 1, 2, 0, 0, 1]
'頑': [1, 2, 2, 0, 1, 1]
'恭': [0, 2, 0, 0, 0, 1, 3]
'弁': [3, 0, 2, 0, 3]
'首': [3, 0, 0, 0, 0, 1, 2]
'稲': [3, 0, 1, 1, 1, 1]
'門': [0, 2, 0, 0, 0, 2, 2]
'当': [0, 0, 1, 1, 0, 3, 1]
'セ': [0, 1, 0, 0, 1, 1, 0, 2]
'返': [0, 1, 0, 0, 1, 1, 0, 0, 1]
'半': [3, 0, 2, 1, 0, 1]
'関': [2, 3, 0, 2, 1]
'丁': [3, 0, 0, 0, 0, 0, 0, 0, 1]
'州': [0, 2, 0, 0, 2, 3]
'導': [0, 1, 2, 2, 1, 1]
'苦': [3, 0, 2, 1, 2]
'雲': [1, 2, 0, 0, 3, 1]
'約': [3, 0, 0, 0, 0, 1, 0, 1]
'正': [3, 0, 2, 0, 0, 0, 1]
'捨': [0, 2, 0, 0, 2, 1, 1]
'好': [3, 1, 2, 0, 2]
'末': [0, 2, 0, 0, 3, 0, 1]
'襟': [0, 1, 0, 1, 0, 1, 0, 2]
'ザ': [1, 2, 2, 0, 0, 2]
'相': [0, 1, 0, 1, 2, 0, 2]
'聳': [1, 2, 0, 0, 0, 1, 2]
'脇': [0, 0, 0, 0, 1, 3, 2]
'再': [0, 3, 2, 0, 0, 2]
'藁': [0, 2, 0, 2, 1, 2]
'ェ': [3, 0, 1, 1, 0, 2]
'使': [0, 0, 1, 1, 1, 1, 2]
'帽': [0, 1, 2, 2, 0, 2]
'疑': [0, 0, 1, 1, 0, 0, 0, 0, 2]
'認': [3, 1, 0, 0, 0, 0, 2]
'湖': [2, 3, 0, 1, 2]
'尋': [0, 1, 0, 1, 2, 3]
'折': [1, 2, 2, 0, 3]
'虚': [0, 3, 2, 0, 3]
'男': [0, 0, 1, 1, 0, 0, 0, 3]
'組': [3, 1, 0, 0, 0, 3]
'ギ': [3, 0, 1, 1, 3]
'敬': [0, 1, 2, 2, 3]
'霧': [0, 3, 1, 1, 1, 2]
'探': [3, 0, 0, 1, 0, 1, 2]
'ふ': [1, 0, 2, 0, 3, 2]
'快': [1, 2, 0, 0, 0, 1, 0, 2]
'抵': [0, 3, 1, 1, 0, 3]
'優': [1, 1, 2, 0, 0, 0, 3]
'充': [3, 0, 0, 0, 0, 0, 0, 0, 2]
'褒': [1, 1, 2, 0, 0, 1, 2]
'設': [0, 0, 0, 0, 2, 3, 2]
'識': [1, 2, 2, 0, 0, 0, 2]
'ケ': [3, 0, 2, 1, 3]
'ズ': [0, 0, 0, 1, 3, 1, 2]
'囲': [3, 0, 0, 1, 0, 0, 3]
'縮': [0, 2, 0, 0, 3, 3]
'煉': [3, 0, 0, 0, 0, 1, 3]
'革': [0, 2, 0, 1, 0, 0, 1, 2]
'幹': [0, 0, 0, 0, 0, 0, 2, 1, 2]
'突': [0, 0, 0, 0, 0, 0, 3, 3]
'昇': [0, 1, 1, 3, 0, 3]
'ィ': [0, 1, 0, 2, 0, 2, 2]
'ャ': [0, 3, 3, 1, 2]
'嘆': [1, 0, 2, 2, 0, 3]
'形': [3, 1, 0, 0, 0, 0, 0, 2]
'巻': [2, 3, 0, 0, 1, 2]
'想': [0, 0, 1, 1, 0, 0, 2, 2]
'長': [1, 0, 1, 0, 3, 3]
'眺': [1, 0, 1, 0, 2, 1, 2]
'計': [0, 0, 1, 1, 0, 0, 1, 3]
'冷': [2, 3, 0, 0, 0, 3]
'寧': [3, 0, 2, 1, 0, 2]
'配': [0, 0, 0, 0, 0, 0, 2, 0, 3]
'移': [0, 0, 1, 1, 1, 0, 1, 2]
'護': [0, 1, 0, 1, 2, 0, 0, 2]
'節': [0, 0, 1, 1, 0, 0, 0, 0, 0, 2]
'七': [0, 0, 0, 0, 1, 3, 3]
'六': [1, 0, 2, 2, 1, 2]
'消': [0, 0, 0, 1, 3, 0, 3]
'昔': [3, 1, 0, 0, 2, 2]
'荘': [3, 1, 2, 0, 3]
'吟': [0, 1, 2, 2, 0, 0, 2]
'旅': [0, 0, 1, 1, 1, 1, 0, 2]
'彩': [0, 2, 0, 2, 0, 1, 2]
'載': [1, 2, 0, 0, 0, 0, 1, 2]
'天': [3, 0, 1, 1, 0, 0, 2]
'念': [0, 0, 1, 1, 1, 1, 3]
'醸': [0, 2, 0, 2, 1, 0, 2]
'プ': [0, 3, 2, 0, 0, 0, 2]
'雰': [3, 0, 2, 0, 1, 2]
'デ': [0, 0, 0, 0, 1, 3, 0, 2]
'眉': [3, 0, 0, 0, 0, 0, 1, 2]
'架': [1, 2, 0, 0, 0, 1, 3]
'易': [3, 0, 0, 0, 0, 2, 2]
'要': [1, 2, 0, 0, 0, 2, 2]
'幕': [3, 1, 2, 0, 0, 2]
'機': [0, 0, 1, 1, 0, 0, 0, 0, 3]
'験': [0, 1, 0, 1, 2, 1, 2]
'比': [0, 1, 2, 2, 0, 3]
'抜': [0, 0, 0, 0, 0, 1, 3, 2]
'墓': [0, 1, 0, 1, 0, 1, 0, 0, 2]
'売': [2, 3, 0, 1, 0, 2]
'償': [0, 2, 0, 0, 0, 2, 0, 2]
'！': [0, 0, 1, 1, 0, 3, 2]
'領': [1, 2, 0, 0, 3, 2]
'聞': [3, 1, 0, 0, 0, 0, 3]
'挨': [3, 0, 1, 1, 1, 2]
'緒': [2, 3, 0, 2, 2]
'待': [3, 0, 0, 0, 0, 1, 0, 2]
'崇': [3, 0, 2, 0, 0, 0, 2]
'路': [0, 2, 0, 0, 2, 1, 2]
'届': [0, 2, 0, 0, 3, 0, 2]
'泥': [1, 2, 2, 0, 1, 2]
'描': [0, 1, 0, 1, 0, 1, 0, 3]
'駆': [0, 2, 0, 2, 1, 3]
'改': [3, 0, 1, 1, 0, 3]
'扉': [1, 2, 2, 1, 3]
'激': [0, 3, 2, 0, 0, 3]
'砕': [1, 2, 2, 0, 0, 3]
'案': [0, 1, 0, 1, 2, 0, 3]
'別': [0, 1, 0, 0, 1, 1, 0, 3]
'浸': [3, 0, 0, 0, 3, 2]
'拶': [0, 2, 0, 0, 0, 1, 0, 3]
'嫌': [0, 2, 0, 0, 0, 2, 3]
'蔑': [3, 0, 0, 0, 0, 0, 0, 3]
'板': [0, 1, 2, 2, 1, 2]
'千': [3, 0, 2, 0, 0, 3]
'夫': [0, 3, 2, 1, 3]
'輝': [0, 0, 1, 1, 1, 0, 0, 3]
'像': [2, 3, 0, 1, 3]
'歌': [1, 2, 0, 0, 0, 0, 0, 3]
'沈': [0, 1, 0, 0, 1, 1, 0, 0, 2]
'万': [3, 1, 0, 0, 1, 3]
'真': [1, 0, 1, 0, 0, 2, 3]
'迎': [0, 1, 0, 2, 0, 1, 3]
'停': [0, 2, 0, 1, 0, 0, 0, 3]
'背': [1, 0, 2, 3, 3]
'幅': [0, 2, 0, 2, 0, 0, 3]
'紗': [0, 3, 3, 0, 3]
'属': [1, 0, 1, 0, 2, 0, 3]
'余': [1, 0, 2, 0, 2, 3]
time elapsed: 49.6682144s
